7	1	1	1	1	0.0000	0.0000	0.0100	0.0628	0	0.1044	0.2160	2.8822	1.5937	2.7777	1.3777	2	1	0	8.268913
7	1	2	2	1	0.0000	0.0000	0.0100	0.0628	0	0.0351	0.1355	-2.6311	0.2092	-2.6662	0.0737	2	-1	1	4.165884
7	1	3	3	1	0.0000	0.0000	0.0100	0.0628	0	-0.0205	0.2897	-0.7584	0.1911	-0.7379	-0.0987	1	1	1	7.040925
7	1	4	4	1	0.0000	0.0000	0.0100	0.0628	0	-0.0072	0.2215	-2.9160	0.4569	-2.9088	0.2354	1	1	1	1.772426
7	1	5	5	1	0.0000	0.0000	0.0100	0.0628	0	-0.0553	0.3429	0.3187	0.7456	0.3739	0.4027	1	-1	0	1.454081
7	1	6	6	1	0.0000	0.0000	0.0100	0.0628	0	0.0649	-0.1251	-2.9836	0.8353	-3.0485	0.9604	1	-1	0	2.215442
7	1	7	7	1	0.0000	0.0000	0.0100	0.0628	0	-0.0197	-0.3403	-2.7182	0.5685	-2.6985	0.9088	2	-1	1	1.688050
7	1	8	8	1	0.0000	0.0000	0.0100	0.0628	0	-0.1730	0.2853	2.6832	0.6268	2.8562	0.3416	1	1	1	1.074687
7	1	9	9	1	0.0000	0.0000	0.0100	0.0628	0	0.1550	0.2041	-0.6422	1.1213	-0.7972	0.9172	2	-1	1	1.469859
7	1	10	10	1	0.0000	0.0000	0.0100	0.0628	0	-0.0308	0.8051	-0.3734	0.7605	-0.3425	-0.0446	2	-1	1	2.449758
7	1	11	11	1	0.0000	0.0000	0.0100	0.0628	0	0.1703	-0.1254	-2.7661	1.0750	-2.9364	1.2004	2	-1	1	1.161996
7	1	12	12	1	0.0000	0.0000	0.0100	0.0628	0	-0.0846	0.4125	2.9987	1.0252	3.0832	0.6126	2	-1	1	1.452753
7	1	13	13	1	0.0000	0.0000	0.0100	0.0628	0	0.0204	0.3316	-3.0112	0.4491	-3.0316	0.1175	1	1	1	2.751601
7	1	14	14	1	0.0000	0.0000	0.0100	0.0628	0	-0.0957	-0.2240	-2.1886	0.3403	-2.0928	0.5643	2	1	0	1.300589
7	1	15	15	1	0.0000	0.0000	0.0100	0.0628	0	-0.0543	-0.0003	-1.3649	1.1783	-1.3106	1.1787	2	1	0	1.227461
7	1	16	16	1	0.0000	0.0000	0.0100	0.0628	0	0.0830	-0.2730	-2.7442	0.6413	-2.8272	0.9143	1	-1	0	1.142178
7	1	17	17	1	0.0000	0.0000	0.0100	0.0628	0	0.0223	-0.1908	-0.7595	0.9966	-0.7818	1.1874	2	-1	1	1.757107
7	1	18	18	1	0.0000	0.0000	0.0100	0.0628	0	-0.0176	-0.1822	-1.2586	1.2120	-1.2409	1.3943	1	-1	0	1.286894
7	1	19	19	1	0.0000	0.0000	0.0100	0.0628	0	-0.0059	0.1566	-0.9340	0.8717	-0.9281	0.7151	1	1	1	1.600412
7	1	20	20	1	0.0000	0.0000	0.0100	0.0628	0	-0.1837	0.3174	-2.5484	0.7836	-2.3647	0.4661	2	1	0	1.152849
7	1	20	20	1	0.0000	0.0000	0.0000	0.0000	10	0.0000	0.0000	-0.1562	0.9385	0.0000	0.0000	0	0	2	5.489156
7	2	1	21	3	0.4625	4.3982	0.0600	0.3770	0	0.4326	4.0416	0.5187	3.7405	0.0861	-0.3012	2	-1	1	1.278720
7	2	2	22	3	0.4625	4.3982	0.0600	0.3770	0	0.4444	4.0364	0.4085	3.4920	-0.0360	-0.5443	1	-1	0	2.526616
7	2	3	23	3	0.4625	4.3982	0.0600	0.3770	0	0.6096	4.2351	0.5913	3.6667	-0.0183	-0.5684	1	-1	0	0.971901
7	2	3	23	3	0.0000	0.0000	0.0000	0.0000	1	0.0000	0.0000	0.6547	3.7642	0.0000	0.0000	0	0	2	1.851151
7	2	4	24	3	0.4625	4.3982	0.0600	0.3770	0	0.5748	4.1738	0.7435	3.8180	0.1687	-0.3558	1	1	1	7.223278
7	2	5	25	3	0.4625	4.3982	0.0600	0.3770	0	0.3592	4.2444	0.0246	4.1550	-0.3346	-0.0894	2	-1	1	0.806284
7	2	6	26	3	0.4625	4.3982	0.0600	0.3770	0	0.8539	4.6265	0.5117	3.8764	-0.3423	-0.7501	1	-1	0	1.258989
7	2	6	26	3	0.0000	0.0000	0.0000	0.0000	5	0.0000	0.0000	-0.1431	4.4032	0.0000	0.0000	0	0	2	4.237257
7	2	7	27	3	0.4625	4.3982	0.0600	0.3770	0	0.2163	3.8344	-0.0739	4.1505	-0.2902	0.3161	2	1	0	1.655448
7	2	8	28	3	0.4625	4.3982	0.0600	0.3770	0	0.4686	4.2091	0.2977	4.1311	-0.1709	-0.0780	1	-1	0	0.998612
7	2	9	29	3	0.4625	4.3982	0.0600	0.3770	0	0.8780	4.4559	0.6889	3.6977	-0.1891	-0.7582	1	-1	0	0.875309
7	2	9	29	3	0.0000	0.0000	0.0000	0.0000	1	0.0000	0.0000	0.8888	4.2504	0.0000	0.0000	0	0	2	3.344515
7	2	10	30	3	0.4625	4.3982	0.0600	0.3770	0	0.4124	3.6796	-0.3305	4.4994	-0.7429	0.8199	2	-1	1	2.114733
7	2	11	31	3	0.4625	4.3982	0.0600	0.3770	0	0.4174	5.2852	0.3973	4.6788	-0.0201	-0.6064	1	-1	0	0.870849
7	2	12	32	3	0.4625	4.3982	0.0600	0.3770	0	0.8068	4.9122	0.6457	4.7071	-0.1612	-0.2050	2	-1	1	0.928539
7	2	12	32	3	0.0000	0.0000	0.0000	0.0000	5	0.0000	0.0000	0.8069	4.5694	0.0000	0.0000	0	0	2	3.442230
7	2	12	32	3	0.0000	0.0000	0.0000	0.0000	10	0.0000	0.0000	0.0863	4.4038	0.0000	0.0000	0	0	2	0.849964
7	3	1	33	15	3.6041	3.1416	0.0400	0.2513	0	3.3285	2.1771	-2.6694	4.2051	-5.9979	2.0280	1	1	1	2.044858
7	3	2	34	15	3.6041	3.1416	0.0400	0.2513	0	3.2832	3.4467	-3.1037	3.4700	-6.3869	0.0233	1	1	1	1.160863
7	3	3	35	15	3.6041	3.1416	0.0400	0.2513	0	3.5330	2.6694	-2.8003	3.6643	-6.3333	0.9949	1	1	1	1.213354
7	3	3	35	15	0.0000	0.0000	0.0000	0.0000	1	0.0000	0.0000	-2.5373	3.9831	0.0000	0.0000	0	0	2	1.379082
7	3	3	35	15	0.0000	0.0000	0.0000	0.0000	10	0.0000	0.0000	2.8952	3.7111	0.0000	0.0000	0	0	2	1.379898
7	4	1	36	9	0.0000	0.0000	0.0100	0.0628	0	-0.0523	0.0675	0.0000	0.1971	0.0523	0.1296	1	1	1	1.244366
7	4	2	37	9	0.0000	0.0000	0.0100	0.0628	0	0.0193	-0.0225	-0.6837	0.2542	-0.7030	0.2767	1	1	1	1.064335
7	4	3	38	9	0.0000	0.0000	0.0100	0.0628	0	0.0799	0.3087	-1.6588	0.2492	-1.7387	-0.0596	2	-1	1	1.682675
7	4	3	38	9	0.0000	0.0000	0.0000	0.0000	1	0.0000	0.0000	-0.8140	0.1807	0.0000	0.0000	0	0	2	3.410715
7	4	4	39	9	0.0000	0.0000	0.0100	0.0628	0	0.2142	0.6161	0.0917	0.6378	-0.1225	0.0217	2	-1	1	1.185092
7	4	5	40	9	0.0000	0.0000	0.0100	0.0628	0	-0.0581	0.1537	-0.6913	0.2748	-0.6332	0.1211	2	1	0	1.556115
7	4	6	41	9	0.0000	0.0000	0.0100	0.0628	0	0.0361	0.2450	-2.1952	0.6119	-2.2314	0.3668	2	-1	1	1.615153
7	4	6	41	9	0.0000	0.0000	0.0000	0.0000	5	0.0000	0.0000	0.3131	3.9823	0.0000	0.0000	0	0	2	2.907574
7	4	6	41	9	0.0000	0.0000	0.0000	0.0000	10	0.0000	0.0000	-0.4938	4.6511	0.0000	0.0000	0	0	2	0.428085
7	5	1	42	16	3.9270	5.6549	0.0600	0.3770	0	3.4475	4.7489	-2.6612	4.4863	-6.1087	-0.2626	2	1	0	1.430606
7	5	2	43	16	3.9270	5.6549	0.0600	0.3770	0	3.9817	5.8265	-2.2707	5.3829	-6.2524	-0.4436	1	1	1	1.213061
7	5	3	44	16	3.9270	5.6549	0.0600	0.3770	0	4.0292	5.4493	-2.3160	5.0060	-6.3452	-0.4433	1	-1	0	0.887906
7	5	3	44	16	0.0000	0.0000	0.0000	0.0000	1	0.0000	0.0000	-2.5536	4.9220	0.0000	0.0000	0	0	2	1.671133
7	5	4	45	16	3.9270	5.6549	0.0600	0.3770	0	4.0326	5.0938	-2.9723	3.7252	-7.0049	-1.3686	1	-1	0	5.103925
7	5	5	46	16	3.9270	5.6549	0.0600	0.3770	0	4.1510	5.5039	-2.3552	5.1774	-6.5062	-0.3265	2	-1	1	1.184890
7	5	6	47	16	3.9270	5.6549	0.0600	0.3770	0	3.8864	5.7503	-2.4296	5.5641	-6.3159	-0.1862	2	-1	1	1.431463
7	5	6	47	16	0.0000	0.0000	0.0000	0.0000	5	0.0000	0.0000	-1.1811	0.4419	0.0000	0.0000	0	0	2	2.412472
7	5	6	47	16	0.0000	0.0000	0.0000	0.0000	10	0.0000	0.0000	0.7961	5.2913	0.0000	0.0000	0	0	2	0.725315
7	6	1	48	2	0.1396	5.6549	0.0400	0.2513	0	0.2222	5.4748	0.0548	5.0666	-0.1674	-0.4082	1	-1	0	1.284137
7	6	2	49	2	0.1396	5.6549	0.0400	0.2513	0	0.0252	4.9065	0.0596	4.4098	0.0344	-0.4967	1	-1	0	1.121459
7	6	3	50	2	0.1396	5.6549	0.0400	0.2513	0	0.1462	4.7641	0.0367	4.7702	-0.1095	0.0061	1	1	1	1.314459
7	6	3	50	2	0.0000	0.0000	0.0000	0.0000	1	0.0000	0.0000	0.0255	5.1483	0.0000	0.0000	0	0	2	2.074901
7	6	4	51	2	0.1396	5.6549	0.0400	0.2513	0	0.2053	5.0209	0.1779	4.7841	-0.0273	-0.2368	2	-1	1	0.993259
7	6	5	52	2	0.1396	5.6549	0.0400	0.2513	0	0.4322	5.2393	0.1983	4.9665	-0.2340	-0.2728	2	1	0	1.090759
7	6	6	53	2	0.1396	5.6549	0.0400	0.2513	0	0.0635	5.0629	-0.0771	4.5469	-0.1407	-0.5160	1	1	1	1.062696
7	6	6	53	2	0.0000	0.0000	0.0000	0.0000	5	0.0000	0.0000	-2.5625	5.0153	0.0000	0.0000	0	0	2	4.482169
7	6	7	54	2	0.1396	5.6549	0.0400	0.2513	0	0.2685	5.7020	0.3965	4.9147	0.1280	-0.7874	1	1	1	3.807287
7	6	8	55	2	0.1396	5.6549	0.0400	0.2513	0	0.0848	5.6852	-0.0692	4.6467	-0.1540	-1.0385	2	-1	1	0.957679
7	6	9	56	2	0.1396	5.6549	0.0400	0.2513	0	0.1498	5.9334	0.1111	5.5311	-0.0387	-0.4023	1	-1	0	1.244362
7	6	9	56	2	0.0000	0.0000	0.0000	0.0000	1	0.0000	0.0000	-0.0614	4.9954	0.0000	0.0000	0	0	2	0.955867
7	6	10	57	2	0.1396	5.6549	0.0400	0.2513	0	-0.0910	5.4001	-0.0863	5.2537	0.0047	-0.1464	1	1	1	3.498442
7	6	11	58	2	0.1396	5.6549	0.0400	0.2513	0	0.0543	5.0244	0.0207	4.9286	-0.0336	-0.0957	2	-1	1	1.463209
7	6	12	59	2	0.1396	5.6549	0.0400	0.2513	0	0.4398	5.7778	0.2551	5.0923	-0.1848	-0.6855	2	1	0	1.419780
7	6	12	59	2	0.0000	0.0000	0.0000	0.0000	5	0.0000	0.0000	-2.8810	0.1133	0.0000	0.0000	0	0	2	2.368099
7	6	12	59	2	0.0000	0.0000	0.0000	0.0000	10	0.0000	0.0000	-3.0115	5.1757	0.0000	0.0000	0	0	2	0.252309
7	7	1	60	24	6.1436	5.6549	0.0100	0.0628	0	6.0912	5.7952	-0.2426	5.2868	-6.3339	-0.5083	1	1	1	0.835975
7	7	2	61	24	6.1436	5.6549	0.0100	0.0628	0	6.2687	5.5561	0.0962	5.1705	-6.1726	-0.3857	1	1	1	1.193073
7	7	3	62	24	6.1436	5.6549	0.0100	0.0628	0	6.1977	5.9788	-0.3009	5.4192	-6.4986	-0.5596	2	-1	1	0.751860
7	7	3	62	24	0.0000	0.0000	0.0000	0.0000	1	0.0000	0.0000	-0.0905	5.3290	0.0000	0.0000	0	0	2	1.065369
7	7	3	62	24	0.0000	0.0000	0.0000	0.0000	10	0.0000	0.0000	-2.3239	0.1601	0.0000	0.0000	0	0	2	2.963969
7	8	1	63	6	1.4312	1.8850	0.0600	0.3770	0	0.9951	1.3888	0.4337	0.7643	-0.5614	-0.6246	1	1	1	2.627272
7	8	2	64	6	1.4312	1.8850	0.0600	0.3770	0	1.2630	1.9673	0.7969	1.3474	-0.4661	-0.6199	1	1	1	1.156519
7	8	3	65	6	1.4312	1.8850	0.0600	0.3770	0	2.0119	0.8317	3.0503	1.1216	1.0385	0.2899	1	1	1	1.053443
7	8	3	65	6	0.0000	0.0000	0.0000	0.0000	1	0.0000	0.0000	-1.5481	0.3213	0.0000	0.0000	0	0	2	3.210223
7	8	4	66	6	1.4312	1.8850	0.0600	0.3770	0	0.8019	2.1088	0.4109	1.4254	-0.3910	-0.6834	2	1	0	1.042174
7	8	5	67	6	1.4312	1.8850	0.0600	0.3770	0	1.6809	2.1385	2.2019	2.1157	0.5210	-0.0227	1	-1	0	0.963480
7	8	6	68	6	1.4312	1.8850	0.0600	0.3770	0	1.1076	0.8878	0.2008	1.2441	-0.9068	0.3563	1	-1	0	1.305503
7	8	6	68	6	0.0000	0.0000	0.0000	0.0000	5	0.0000	0.0000	0.8183	1.1001	0.0000	0.0000	0	0	2	7.135603
7	8	6	68	6	0.0000	0.0000	0.0000	0.0000	10	0.0000	0.0000	-2.4384	5.2157	0.0000	0.0000	0	0	2	1.067977
7	9	1	69	13	3.1416	4.3982	0.0400	0.2513	0	2.9838	4.3044	2.9710	5.0742	-0.0128	0.7698	2	-1	1	1.277796
7	9	2	70	13	3.1416	4.3982	0.0400	0.2513	0	3.4139	3.7246	-2.6333	4.3202	-6.0473	0.5957	2	-1	1	0.656936
7	9	3	71	13	3.1416	4.3982	0.0400	0.2513	0	3.0508	5.0424	2.8194	5.0718	-0.2314	0.0294	2	-1	1	0.922973
7	9	3	71	13	0.0000	0.0000	0.0000	0.0000	1	0.0000	0.0000	-1.9138	0.1085	0.0000	0.0000	0	0	2	1.859950
7	9	4	72	13	3.1416	4.3982	0.0400	0.2513	0	2.8801	5.0346	2.8165	4.8456	-0.0636	-0.1890	2	1	0	0.980230
7	9	5	73	13	3.1416	4.3982	0.0400	0.2513	0	3.4671	4.4085	-2.7600	4.8219	-6.2271	0.4134	1	1	1	1.277640
7	9	6	74	13	3.1416	4.3982	0.0400	0.2513	0	3.1312	4.2342	-2.8822	4.5543	-6.0134	0.3201	2	1	0	1.008432
7	9	6	74	13	0.0000	0.0000	0.0000	0.0000	5	0.0000	0.0000	2.8033	4.8831	0.0000	0.0000	0	0	2	1.648870
7	9	6	74	13	0.0000	0.0000	0.0000	0.0000	10	0.0000	0.0000	1.2509	1.2304	0.0000	0.0000	0	0	2	0.897090
7	10	1	75	18	4.5728	4.3982	0.0100	0.0628	0	4.6864	4.4409	-1.6817	3.8930	-6.3681	-0.5479	1	1	1	1.092309
7	10	2	76	18	4.5728	4.3982	0.0100	0.0628	0	4.5952	4.6074	-1.8103	3.9076	-6.4055	-0.6998	1	-1	0	1.090171
7	10	3	77	18	4.5728	4.3982	0.0100	0.0628	0	4.6107	4.9045	-1.6908	4.5736	-6.3015	-0.3309	1	1	1	1.001908
7	10	3	77	18	0.0000	0.0000	0.0000	0.0000	1	0.0000	0.0000	-1.8043	1.2306	0.0000	0.0000	0	0	2	1.611337
7	10	4	78	18	4.5728	4.3982	0.0100	0.0628	0	4.5466	4.1163	-1.2588	3.5437	-5.8054	-0.5726	2	-1	1	0.906799
7	10	5	79	18	4.5728	4.3982	0.0100	0.0628	0	4.5344	4.6218	-1.8739	4.3292	-6.4083	-0.2926	2	1	0	1.034093
7	10	6	80	18	4.5728	4.3982	0.0100	0.0628	0	4.5827	4.5152	-1.9053	3.8024	-6.4880	-0.7128	1	1	1	1.104523
7	10	6	80	18	0.0000	0.0000	0.0000	0.0000	5	0.0000	0.0000	0.3421	4.6572	0.0000	0.0000	0	0	2	1.597648
7	10	7	81	18	4.5728	4.3982	0.0100	0.0628	0	4.7336	4.6957	-1.4626	4.2590	-6.1962	-0.4368	2	-1	1	0.861388
7	10	8	82	18	4.5728	4.3982	0.0100	0.0628	0	4.6737	4.5255	-1.7923	3.6217	-6.4660	-0.9037	1	1	1	0.687454
7	10	9	83	18	4.5728	4.3982	0.0100	0.0628	0	4.6712	4.3096	-1.9545	3.8418	-6.6257	-0.4678	2	-1	1	0.773819
7	10	9	83	18	0.0000	0.0000	0.0000	0.0000	1	0.0000	0.0000	-1.3928	3.9164	0.0000	0.0000	0	0	2	1.539494
7	10	9	83	18	0.0000	0.0000	0.0000	0.0000	10	0.0000	0.0000	-1.6332	0.5851	0.0000	0.0000	0	0	2	0.291068
7	11	1	84	12	3.0020	3.1416	0.0600	0.3770	0	3.2228	2.6996	-2.9179	4.0802	-6.1407	1.3807	1	-1	0	1.392602
7	11	2	85	12	3.0020	3.1416	0.0600	0.3770	0	3.1916	2.1788	2.9895	1.9276	-0.2021	-0.2512	1	-1	0	0.876880
7	11	3	86	12	3.0020	3.1416	0.0600	0.3770	0	2.9048	4.1389	2.8941	3.5765	-0.0107	-0.5624	1	-1	0	0.844752
7	11	3	86	12	0.0000	0.0000	0.0000	0.0000	1	0.0000	0.0000	-2.5198	4.9127	0.0000	0.0000	0	0	2	2.065302
7	11	4	87	12	3.0020	3.1416	0.0600	0.3770	0	3.1930	3.5798	-2.9579	4.0763	-6.1509	0.4965	1	1	1	1.225309
7	11	5	88	12	3.0020	3.1416	0.0600	0.3770	0	2.8441	3.7028	3.0619	4.0352	0.2178	0.3324	2	-1	1	1.256046
7	11	6	89	12	3.0020	3.1416	0.0600	0.3770	0	2.8547	4.1105	2.9680	4.1430	0.1133	0.0325	2	-1	1	1.066757
7	11	6	89	12	0.0000	0.0000	0.0000	0.0000	5	0.0000	0.0000	-0.5214	4.9249	0.0000	0.0000	0	0	2	2.193198
7	11	7	90	12	3.0020	3.1416	0.0600	0.3770	0	3.2651	2.4703	-2.5386	2.7033	-5.8038	0.2329	2	1	0	0.566873
7	11	8	91	12	3.0020	3.1416	0.0600	0.3770	0	2.9453	3.9037	-2.8043	2.8236	-5.7496	-1.0800	2	1	0	0.739940
7	11	9	92	12	3.0020	3.1416	0.0600	0.3770	0	3.3049	2.1390	-2.8554	3.3102	-6.1603	1.1712	1	1	1	0.967452
7	11	9	92	12	0.0000	0.0000	0.0000	0.0000	1	0.0000	0.0000	2.8882	4.8337	0.0000	0.0000	0	0	2	1.704810
7	11	10	93	12	3.0020	3.1416	0.0600	0.3770	0	2.9631	3.4365	2.9094	3.1731	-0.0537	-0.2634	2	-1	1	1.967555
7	11	11	94	12	3.0020	3.1416	0.0600	0.3770	0	3.0039	2.6322	3.1133	2.5780	0.1093	-0.0542	1	1	1	1.227076
7	11	12	95	12	3.0020	3.1416	0.0600	0.3770	0	3.1044	4.0707	3.0693	3.6377	-0.0351	-0.4330	2	-1	1	0.746942
7	11	12	95	12	0.0000	0.0000	0.0000	0.0000	5	0.0000	0.0000	-1.4666	4.8443	0.0000	0.0000	0	0	2	2.826922
7	11	12	95	12	0.0000	0.0000	0.0000	0.0000	10	0.0000	0.0000	-0.3590	4.5301	0.0000	0.0000	0	0	2	0.234490
7	12	1	96	23	0.0000	0.0000	0.0100	0.0628	0	-0.0661	0.0113	-2.6845	0.4962	-2.6185	0.4850	1	1	1	0.837519
7	12	2	97	23	0.0000	0.0000	0.0100	0.0628	0	0.0196	-0.4546	-2.7220	1.1111	-2.7416	1.5656	2	-1	1	0.864931
7	12	3	98	23	0.0000	0.0000	0.0100	0.0628	0	-0.1761	-0.4079	-2.6382	0.5750	-2.4621	0.9829	1	1	1	0.878953
7	12	3	98	23	0.0000	0.0000	0.0000	0.0000	1	0.0000	0.0000	-1.6060	1.0373	0.0000	0.0000	0	0	2	2.638719
7	12	4	99	23	0.0000	0.0000	0.0100	0.0628	0	0.2449	0.0436	2.6066	0.2291	2.3618	0.1855	1	-1	0	1.053325
7	12	5	100	23	0.0000	0.0000	0.0100	0.0628	0	0.1212	0.2203	-0.7665	0.2736	-0.8877	0.0533	1	1	1	1.037686
7	12	6	101	23	0.0000	0.0000	0.0100	0.0628	0	0.0009	0.3289	-1.9727	0.3173	-1.9736	-0.0116	2	-1	1	1.213838
7	12	6	101	23	0.0000	0.0000	0.0000	0.0000	5	0.0000	0.0000	-0.4495	4.8388	0.0000	0.0000	0	0	2	2.453688
7	12	6	101	23	0.0000	0.0000	0.0000	0.0000	10	0.0000	0.0000	0.2863	4.7562	0.0000	0.0000	0	0	2	1.288078
7	13	1	102	10	2.3562	1.8850	0.0100	0.0628	0	2.3356	1.5565	2.4285	1.7855	0.0930	0.2291	1	1	1	1.088764
7	13	2	103	10	2.3562	1.8850	0.0100	0.0628	0	2.4602	2.2234	2.3257	1.8643	-0.1345	-0.3591	2	-1	1	0.763789
7	13	3	104	10	2.3562	1.8850	0.0100	0.0628	0	2.3764	1.1938	2.7120	1.4373	0.3357	0.2435	1	1	1	1.451313
7	13	3	104	10	0.0000	0.0000	0.0000	0.0000	1	0.0000	0.0000	3.0144	1.6117	0.0000	0.0000	0	0	2	1.269399
7	13	4	105	10	2.3562	1.8850	0.0100	0.0628	0	2.3942	1.3485	3.0920	0.8844	0.6978	-0.4641	2	1	0	1.547365
7	13	5	106	10	2.3562	1.8850	0.0100	0.0628	0	2.2266	1.6721	2.7126	1.7901	0.4860	0.1180	1	1	1	0.988078
7	13	6	107	10	2.3562	1.8850	0.0100	0.0628	0	2.3763	1.6179	2.4864	1.8690	0.1100	0.2511	1	-1	0	0.963597
7	13	6	107	10	0.0000	0.0000	0.0000	0.0000	5	0.0000	0.0000	-0.0392	4.8437	0.0000	0.0000	0	0	2	3.988186
7	13	7	108	10	2.3562	1.8850	0.0100	0.0628	0	2.2879	1.9029	2.4758	2.0329	0.1879	0.1299	1	-1	0	0.868427
7	13	8	109	10	2.3562	1.8850	0.0100	0.0628	0	2.3513	2.2779	2.4669	1.7295	0.1155	-0.5484	1	-1	0	1.243829
7	13	9	110	10	2.3562	1.8850	0.0100	0.0628	0	2.4515	1.2371	2.5012	0.4643	0.0497	-0.7728	2	1	0	1.029224
7	13	9	110	10	0.0000	0.0000	0.0000	0.0000	1	0.0000	0.0000	-1.9417	0.4230	0.0000	0.0000	0	0	2	1.257593
7	13	9	110	10	0.0000	0.0000	0.0000	0.0000	10	0.0000	0.0000	0.0409	5.0048	0.0000	0.0000	0	0	2	1.232211
7	14	1	111	5	1.1083	3.1416	0.0100	0.0628	0	1.2284	3.1228	0.7728	2.8651	-0.4556	-0.2577	2	-1	1	1.185042
7	14	2	112	5	1.1083	3.1416	0.0100	0.0628	0	1.0154	2.8969	0.7605	3.1136	-0.2548	0.2167	1	1	1	0.861901
7	14	3	113	5	1.1083	3.1416	0.0100	0.0628	0	1.1381	3.1436	1.0419	2.7057	-0.0961	-0.4380	1	-1	0	0.926228
7	14	3	113	5	0.0000	0.0000	0.0000	0.0000	1	0.0000	0.0000	1.3320	2.8701	0.0000	0.0000	0	0	2	1.208226
7	14	4	114	5	1.1083	3.1416	0.0100	0.0628	0	0.9257	3.5502	0.5050	3.0780	-0.4207	-0.4722	1	1	1	0.874939
7	14	5	115	5	1.1083	3.1416	0.0100	0.0628	0	1.2855	3.6315	1.1676	2.8095	-0.1179	-0.8220	1	1	1	1.607382
7	14	6	116	5	1.1083	3.1416	0.0100	0.0628	0	0.8979	2.9361	0.8103	2.2771	-0.0876	-0.6589	2	-1	1	0.781648
7	14	6	116	5	0.0000	0.0000	0.0000	0.0000	5	0.0000	0.0000	-0.3799	4.7243	0.0000	0.0000	0	0	2	1.337715
7	14	7	117	5	1.1083	3.1416	0.0100	0.0628	0	1.1225	2.9586	0.9519	3.2086	-0.1706	0.2501	2	1	0	0.986525
7	14	8	118	5	1.1083	3.1416	0.0100	0.0628	0	0.9853	3.5293	0.9545	2.7911	-0.0308	-0.7382	1	1	1	0.873760
7	14	9	119	5	1.1083	3.1416	0.0100	0.0628	0	1.1538	3.3739	0.8398	2.9415	-0.3139	-0.4324	2	1	0	1.129308
7	14	9	119	5	0.0000	0.0000	0.0000	0.0000	1	0.0000	0.0000	0.6011	2.7882	0.0000	0.0000	0	0	2	1.784620
7	14	9	119	5	0.0000	0.0000	0.0000	0.0000	10	0.0000	0.0000	-2.1421	0.1215	0.0000	0.0000	0	0	2	0.902734
7	15	1	120	11	2.6791	5.6549	0.0400	0.2513	0	2.6454	5.2737	2.5704	4.3476	-0.0750	-0.9261	2	-1	1	1.016426
7	15	2	121	11	2.6791	5.6549	0.0400	0.2513	0	2.8141	6.0826	3.0338	5.8375	0.2197	-0.2451	2	-1	1	1.081281
7	15	3	122	11	2.6791	5.6549	0.0400	0.2513	0	2.9314	5.9589	3.0487	5.6674	0.1173	-0.2915	1	1	1	1.632890
7	15	3	122	11	0.0000	0.0000	0.0000	0.0000	1	0.0000	0.0000	-2.8813	5.6735	0.0000	0.0000	0	0	2	1.425712
7	15	3	122	11	0.0000	0.0000	0.0000	0.0000	10	0.0000	0.0000	-0.9601	0.4455	0.0000	0.0000	0	0	2	0.374487
7	16	1	123	22	5.4978	4.3982	0.0600	0.3770	0	5.6234	4.9461	-0.4765	4.8387	-6.0999	-0.1074	2	-1	1	0.779252
7	16	2	124	22	5.4978	4.3982	0.0600	0.3770	0	5.3621	3.7690	-0.8259	3.6938	-6.1880	-0.0752	1	-1	0	0.790604
7	16	3	125	22	5.4978	4.3982	0.0600	0.3770	0	5.7172	4.4990	-0.6355	4.1816	-6.3527	-0.3173	1	1	1	1.163618
7	16	3	125	22	0.0000	0.0000	0.0000	0.0000	1	0.0000	0.0000	0.1427	4.1079	0.0000	0.0000	0	0	2	2.249009
7	16	4	126	22	5.4978	4.3982	0.0600	0.3770	0	5.5133	5.6211	-0.9129	5.4800	-6.4262	-0.1410	1	1	1	1.012168
7	16	5	127	22	5.4978	4.3982	0.0600	0.3770	0	6.2659	4.2010	-0.0328	4.4482	-6.2987	0.2472	2	1	0	0.948857
7	16	6	128	22	5.4978	4.3982	0.0600	0.3770	0	5.3139	3.9774	-1.2706	1.6048	-6.5845	-2.3726	1	1	1	1.179056
7	16	6	128	22	0.0000	0.0000	0.0000	0.0000	5	0.0000	0.0000	2.5183	3.1017	0.0000	0.0000	0	0	2	2.766100
7	16	7	129	22	5.4978	4.3982	0.0600	0.3770	0	5.5150	3.7883	-0.8511	3.2229	-6.3661	-0.5654	2	-1	1	0.667410
7	16	8	130	22	5.4978	4.3982	0.0600	0.3770	0	5.5099	5.1391	-0.7920	3.8974	-6.3019	-1.2418	1	-1	0	0.932107
7	16	9	131	22	5.4978	4.3982	0.0600	0.3770	0	5.7335	4.0795	-0.4863	4.4673	-6.2198	0.3878	2	-1	1	1.309998
7	16	9	131	22	0.0000	0.0000	0.0000	0.0000	1	0.0000	0.0000	-0.0453	4.1873	0.0000	0.0000	0	0	2	1.304077
7	16	10	132	22	5.4978	4.3982	0.0600	0.3770	0	5.5591	4.6582	-0.7664	4.6311	-6.3256	-0.0271	2	-1	1	0.771638
7	16	11	133	22	5.4978	4.3982	0.0600	0.3770	0	5.4710	5.0382	-0.8543	4.7241	-6.3253	-0.3141	2	-1	1	0.715916
7	16	12	134	22	5.4978	4.3982	0.0600	0.3770	0	5.8594	3.2829	-0.4602	2.8273	-6.3195	-0.4557	1	-1	0	0.692717
7	16	12	134	22	0.0000	0.0000	0.0000	0.0000	5	0.0000	0.0000	-1.4400	0.2798	0.0000	0.0000	0	0	2	1.455359
7	16	12	134	22	0.0000	0.0000	0.0000	0.0000	10	0.0000	0.0000	2.4156	3.7387	0.0000	0.0000	0	0	2	0.288052
7	17	1	135	14	0.0000	0.0000	0.0100	0.0628	0	0.1310	0.0609	-1.4773	0.2346	-1.6084	0.1738	2	1	0	1.251071
7	17	2	136	14	0.0000	0.0000	0.0100	0.0628	0	0.0822	-0.2314	2.6543	0.9666	2.5721	1.1981	1	1	1	3.166792
7	17	3	137	14	0.0000	0.0000	0.0100	0.0628	0	-0.0000	-0.2622	3.0188	0.5958	3.0188	0.8580	1	1	1	0.792279
7	17	3	137	14	0.0000	0.0000	0.0000	0.0000	1	0.0000	0.0000	-1.1553	0.2713	0.0000	0.0000	0	0	2	0.866815
7	17	4	138	14	0.0000	0.0000	0.0100	0.0628	0	0.0703	-0.0211	-1.1367	0.8851	-1.2069	0.9062	2	1	0	3.673561
7	17	5	139	14	0.0000	0.0000	0.0100	0.0628	0	0.1815	-0.0202	-2.2088	1.5812	-2.3903	1.6014	1	-1	0	3.356923
7	17	6	140	14	0.0000	0.0000	0.0100	0.0628	0	0.0743	-0.0112	-2.6059	1.8592	-2.6802	1.8704	2	1	0	0.895619
7	17	6	140	14	0.0000	0.0000	0.0000	0.0000	5	0.0000	0.0000	0.7654	3.3508	0.0000	0.0000	0	0	2	1.506051
7	17	7	141	14	0.0000	0.0000	0.0100	0.0628	0	0.0651	0.2987	2.9080	1.7034	2.8430	1.4046	1	1	1	1.008619
7	17	8	142	14	0.0000	0.0000	0.0100	0.0628	0	-0.1133	-0.2316	-2.7399	0.8963	-2.6266	1.1278	2	1	0	0.895449
7	17	9	143	14	0.0000	0.0000	0.0100	0.0628	0	-0.0290	0.0965	-0.6600	0.6191	-0.6311	0.5226	2	-1	1	1.354864
7	17	9	143	14	0.0000	0.0000	0.0000	0.0000	1	0.0000	0.0000	0.6447	3.5712	0.0000	0.0000	0	0	2	2.061737
7	17	9	143	14	0.0000	0.0000	0.0000	0.0000	10	0.0000	0.0000	-2.9229	4.2401	0.0000	0.0000	0	0	2	1.084948
7	18	1	144	8	1.7104	4.3982	0.0100	0.0628	0	1.6735	4.6748	2.2600	3.0649	0.5866	-1.6099	2	-1	1	13.005423
7	18	2	145	8	1.7104	4.3982	0.0100	0.0628	0	1.7194	4.5209	1.8834	2.7772	0.1640	-1.7437	2	-1	1	0.824101
7	18	3	146	8	1.7104	4.3982	0.0100	0.0628	0	1.8755	4.2929	2.1349	2.7989	0.2594	-1.4940	2	-1	1	0.943868
7	18	3	146	8	0.0000	0.0000	0.0000	0.0000	1	0.0000	0.0000	1.4374	3.0199	0.0000	0.0000	0	0	2	1.112006
7	18	3	146	8	0.0000	0.0000	0.0000	0.0000	10	0.0000	0.0000	0.2517	3.3995	0.0000	0.0000	0	0	2	1.064623
7	19	1	147	25	6.2832	3.1416	0.0100	0.0628	0	6.3024	2.9607	0.0223	3.9357	-6.2802	0.9751	1	1	1	1.230570
7	19	2	148	25	6.2832	3.1416	0.0100	0.0628	0	6.3723	3.7247	-0.0580	4.7896	-6.4303	1.0650	2	-1	1	0.993253
7	19	3	149	25	6.2832	3.1416	0.0100	0.0628	0	6.0948	2.5807	-0.7116	1.6098	-6.8064	-0.9709	1	1	1	0.821642
7	19	3	149	25	0.0000	0.0000	0.0000	0.0000	1	0.0000	0.0000	-0.7139	2.0959	0.0000	0.0000	0	0	2	3.407666
7	19	4	150	25	6.2832	3.1416	0.0100	0.0628	0	6.3214	2.9037	-0.0991	3.6901	-6.4205	0.7864	1	1	1	0.752836
7	19	5	151	25	6.2832	3.1416	0.0100	0.0628	0	6.3095	3.1313	0.1539	3.5238	-6.1556	0.3925	1	1	1	1.346121
7	19	6	152	25	6.2832	3.1416	0.0100	0.0628	0	6.0959	3.3875	-0.3581	3.8739	-6.4540	0.4864	1	1	1	1.207913
7	19	6	152	25	0.0000	0.0000	0.0000	0.0000	5	0.0000	0.0000	0.0000	0.1679	0.0000	0.0000	0	0	2	1.022534
7	19	7	153	25	6.2832	3.1416	0.0100	0.0628	0	6.3891	3.1032	-0.4724	2.5988	-6.8616	-0.5044	2	-1	1	0.674648
7	19	8	154	25	6.2832	3.1416	0.0100	0.0628	0	6.3365	2.6989	0.0512	2.5657	-6.2852	-0.1332	2	-1	1	0.751191
7	19	9	155	25	6.2832	3.1416	0.0100	0.0628	0	6.3517	3.1447	0.0316	3.2356	-6.3201	0.0908	2	1	0	0.995222
7	19	9	155	25	0.0000	0.0000	0.0000	0.0000	1	0.0000	0.0000	2.2269	1.1608	0.0000	0.0000	0	0	2	22.972831
7	19	10	156	25	6.2832	3.1416	0.0100	0.0628	0	6.3005	3.0720	-0.2148	2.8767	-6.5154	-0.1954	1	1	1	0.682245
7	19	11	157	25	6.2832	3.1416	0.0100	0.0628	0	6.2591	2.8705	-0.1188	3.0804	-6.3778	0.2100	1	1	1	0.787068
7	19	12	158	25	6.2832	3.1416	0.0100	0.0628	0	6.0923	3.2424	-0.4216	3.0323	-6.5139	-0.2101	1	1	1	0.744966
7	19	12	158	25	0.0000	0.0000	0.0000	0.0000	5	0.0000	0.0000	-0.5681	0.4070	0.0000	0.0000	0	0	2	1.114434
7	19	12	158	25	0.0000	0.0000	0.0000	0.0000	10	0.0000	0.0000	2.4896	4.3072	0.0000	0.0000	0	0	2	0.664387
7	20	1	159	19	4.7124	1.8850	0.0100	0.0628	0	4.6599	1.4903	-2.0100	1.8712	-6.6699	0.3809	2	1	0	0.824292
7	20	2	160	19	4.7124	1.8850	0.0100	0.0628	0	4.4646	1.6315	-2.0190	2.5435	-6.4836	0.9120	2	-1	1	0.933029
7	20	3	161	19	4.7124	1.8850	0.0100	0.0628	0	4.6667	1.8480	-1.2721	2.7040	-5.9388	0.8559	1	-1	0	0.866259
7	20	3	161	19	0.0000	0.0000	0.0000	0.0000	1	0.0000	0.0000	-1.1479	0.4803	0.0000	0.0000	0	0	2	0.659090
7	20	3	161	19	0.0000	0.0000	0.0000	0.0000	10	0.0000	0.0000	0.3383	4.0474	0.0000	0.0000	0	0	2	1.257851
7	21	1	162	20	4.8520	3.1416	0.0400	0.2513	0	4.8848	3.6044	-1.8210	3.3906	-6.7057	-0.2138	2	-1	1	0.807204
7	21	2	163	20	4.8520	3.1416	0.0400	0.2513	0	4.8577	3.6384	-1.2885	3.2229	-6.1461	-0.4155	1	-1	0	0.884061
7	21	3	164	20	4.8520	3.1416	0.0400	0.2513	0	4.5551	2.7527	-1.5122	3.3638	-6.0673	0.6111	2	-1	1	0.775706
7	21	3	164	20	0.0000	0.0000	0.0000	0.0000	1	0.0000	0.0000	0.3516	3.9424	0.0000	0.0000	0	0	2	1.879211
7	21	4	165	20	4.8520	3.1416	0.0400	0.2513	0	4.6944	3.5370	-2.0471	3.1050	-6.7415	-0.4320	1	-1	0	1.425055
7	21	5	166	20	4.8520	3.1416	0.0400	0.2513	0	4.6655	2.6041	-1.9266	2.9127	-6.5921	0.3086	1	1	1	1.602591
7	21	6	167	20	4.8520	3.1416	0.0400	0.2513	0	4.5818	3.0868	-1.1656	2.9073	-5.7474	-0.1795	2	-1	1	0.707918
7	21	6	167	20	0.0000	0.0000	0.0000	0.0000	5	0.0000	0.0000	2.5767	4.0363	0.0000	0.0000	0	0	2	2.317298
7	21	6	167	20	0.0000	0.0000	0.0000	0.0000	10	0.0000	0.0000	-1.4928	0.4686	0.0000	0.0000	0	0	2	0.860097
7	22	1	168	7	1.5708	5.6549	0.0600	0.3770	0	1.6376	5.6169	2.0804	3.6963	0.4428	-1.9206	1	1	1	4.310342
7	22	2	169	7	1.5708	5.6549	0.0600	0.3770	0	1.0576	5.7940	0.8838	4.3623	-0.1739	-1.4317	1	-1	0	2.191261
7	22	3	170	7	1.5708	5.6549	0.0600	0.3770	0	1.5790	5.0600	2.1307	4.6870	0.5517	-0.3730	2	1	0	1.090050
7	22	3	170	7	0.0000	0.0000	0.0000	0.0000	1	0.0000	0.0000	2.2135	3.4471	0.0000	0.0000	0	0	2	4.795222
7	22	4	171	7	1.5708	5.6549	0.0600	0.3770	0	1.7757	5.7733	1.9264	4.2986	0.1507	-1.4748	1	1	1	1.255481
7	22	5	172	7	1.5708	5.6549	0.0600	0.3770	0	2.0963	4.9900	2.3719	4.2798	0.2756	-0.7102	1	1	1	0.988943
7	22	6	173	7	1.5708	5.6549	0.0600	0.3770	0	1.7276	5.9202	1.8785	5.0861	0.1509	-0.8341	2	-1	1	0.858988
7	22	6	173	7	0.0000	0.0000	0.0000	0.0000	5	0.0000	0.0000	2.2431	5.1692	0.0000	0.0000	0	0	2	1.096210
7	22	7	174	7	1.5708	5.6549	0.0600	0.3770	0	1.4786	5.2289	1.9292	4.4746	0.4505	-0.7543	2	-1	1	1.049568
7	22	8	175	7	1.5708	5.6549	0.0600	0.3770	0	1.4864	6.1239	1.6899	5.8376	0.2035	-0.2862	2	1	0	1.253674
7	22	9	176	7	1.5708	5.6549	0.0600	0.3770	0	1.9966	5.2894	2.3173	4.9127	0.3207	-0.3766	2	1	0	0.975594
7	22	9	176	7	0.0000	0.0000	0.0000	0.0000	1	0.0000	0.0000	0.0820	0.5347	0.0000	0.0000	0	0	2	2.857040
7	22	9	176	7	0.0000	0.0000	0.0000	0.0000	10	0.0000	0.0000	0.7206	5.9746	0.0000	0.0000	0	0	2	0.209210
7	23	1	177	21	5.1749	1.8850	0.0400	0.2513	0	4.7971	2.1021	-2.1523	2.1665	-6.9494	0.0644	1	1	1	0.981917
7	23	2	178	21	5.1749	1.8850	0.0400	0.2513	0	5.5502	2.0448	-1.2810	1.6607	-6.8313	-0.3842	1	1	1	0.965023
7	23	3	179	21	5.1749	1.8850	0.0400	0.2513	0	5.1864	1.4624	-0.8471	2.2601	-6.0335	0.7977	1	1	1	0.938947
7	23	3	179	21	0.0000	0.0000	0.0000	0.0000	1	0.0000	0.0000	-0.9174	0.5884	0.0000	0.0000	0	0	2	1.143773
7	23	4	180	21	5.1749	1.8850	0.0400	0.2513	0	5.4130	2.7218	-1.0963	1.8055	-6.5093	-0.9163	1	-1	0	0.857088
7	23	5	181	21	5.1749	1.8850	0.0400	0.2513	0	5.0591	1.2971	-1.4432	2.2374	-6.5023	0.9403	2	-1	1	1.027053
7	23	6	182	21	5.1749	1.8850	0.0400	0.2513	0	4.9643	1.5826	-1.2962	1.9113	-6.2605	0.3287	2	-1	1	1.093609
7	23	6	182	21	0.0000	0.0000	0.0000	0.0000	5	0.0000	0.0000	0.6000	3.7237	0.0000	0.0000	0	0	2	3.170362
7	23	7	183	21	5.1749	1.8850	0.0400	0.2513	0	5.0549	1.9853	-2.2502	1.7079	-7.3051	-0.2774	2	-1	1	1.039047
7	23	8	184	21	5.1749	1.8850	0.0400	0.2513	0	5.1038	2.0675	-0.7648	2.2563	-5.8686	0.1887	2	1	0	1.165600
7	23	9	185	21	5.1749	1.8850	0.0400	0.2513	0	5.2411	2.4905	-0.7127	1.9202	-5.9539	-0.5703	1	-1	0	0.963452
7	23	9	185	21	0.0000	0.0000	0.0000	0.0000	1	0.0000	0.0000	-1.8737	0.1224	0.0000	0.0000	0	0	2	1.461237
7	23	9	185	21	0.0000	0.0000	0.0000	0.0000	10	0.0000	0.0000	0.6247	5.9667	0.0000	0.0000	0	0	2	0.224868
7	24	1	186	4	0.0000	0.0000	0.0100	0.0628	0	-0.1188	0.1854	-0.6249	0.5491	-0.5061	0.3637	1	-1	0	0.976725
7	24	2	187	4	0.0000	0.0000	0.0100	0.0628	0	-0.0359	-0.0606	-2.7108	1.8880	-2.6749	1.9487	1	-1	0	1.090009
7	24	3	188	4	0.0000	0.0000	0.0100	0.0628	0	-0.0412	0.6147	0.4900	0.6205	0.5311	0.0058	1	-1	0	0.881078
7	24	3	188	4	0.0000	0.0000	0.0000	0.0000	1	0.0000	0.0000	-1.4682	0.4990	0.0000	0.0000	0	0	2	0.940402
7	24	3	188	4	0.0000	0.0000	0.0000	0.0000	10	0.0000	0.0000	0.3254	5.6628	0.0000	0.0000	0	0	2	0.912717
7	25	1	189	17	4.2499	1.8850	0.0400	0.2513	0	4.2365	1.3588	-2.2827	2.1791	-6.5192	0.8203	1	-1	0	0.940615
7	25	2	190	17	4.2499	1.8850	0.0400	0.2513	0	4.2672	1.2606	-1.9054	1.9785	-6.1726	0.7179	1	-1	0	1.034164
7	25	3	191	17	4.2499	1.8850	0.0400	0.2513	0	4.3361	2.2118	-1.8121	1.9246	-6.1482	-0.2872	2	-1	1	0.749285
7	25	3	191	17	0.0000	0.0000	0.0000	0.0000	1	0.0000	0.0000	0.8905	1.4274	0.0000	0.0000	0	0	2	3.355177
7	25	4	192	17	4.2499	1.8850	0.0400	0.2513	0	3.9815	0.8618	-2.2066	1.9054	-6.1882	1.0436	2	-1	1	1.001295
7	25	5	193	17	4.2499	1.8850	0.0400	0.2513	0	4.2564	2.5218	-2.3342	3.5161	-6.5906	0.9943	2	1	0	0.886325
7	25	6	194	17	4.2499	1.8850	0.0400	0.2513	0	4.3131	1.2310	-2.7446	2.3035	-7.0577	1.0724	2	-1	1	1.087241
7	25	6	194	17	0.0000	0.0000	0.0000	0.0000	5	0.0000	0.0000	-1.4328	0.2653	0.0000	0.0000	0	0	2	0.893088
7	25	7	195	17	4.2499	1.8850	0.0400	0.2513	0	4.2338	1.6166	-2.4744	2.4068	-6.7083	0.7901	1	1	1	1.099837
7	25	8	196	17	4.2499	1.8850	0.0400	0.2513	0	4.5741	2.4252	-1.8256	2.5196	-6.3998	0.0944	1	1	1	0.859903
7	25	9	197	17	4.2499	1.8850	0.0400	0.2513	0	3.9523	4.1230	-2.5234	3.6279	-6.4757	-0.4952	1	-1	0	0.889291
7	25	9	197	17	0.0000	0.0000	0.0000	0.0000	1	0.0000	0.0000	-0.3254	4.4300	0.0000	0.0000	0	0	2	1.858120
7	25	10	198	17	4.2499	1.8850	0.0400	0.2513	0	4.0085	1.8056	-2.6357	3.0128	-6.6442	1.2071	2	-1	1	0.874815
7	25	11	199	17	4.2499	1.8850	0.0400	0.2513	0	4.0360	1.2640	-2.5683	1.1036	-6.6043	-0.1604	2	1	0	1.219369
7	25	12	200	17	4.2499	1.8850	0.0400	0.2513	0	4.5862	1.8147	-1.6645	2.4196	-6.2507	0.6049	2	-1	1	0.726619
7	25	12	200	17	0.0000	0.0000	0.0000	0.0000	5	0.0000	0.0000	0.1890	4.9724	0.0000	0.0000	0	0	2	0.764146
7	25	12	200	17	0.0000	0.0000	0.0000	0.0000	10	0.0000	0.0000	-0.6418	4.2925	0.0000	0.0000	0	0	2	0.861653
