6	1	1	1	1	0.0000	0.0000	0.0100	0.0628	0	0.1876	0.2155	2.5704	3.8616	2.3828	3.6462	1	-1	0	6.291408
6	1	2	2	1	0.0000	0.0000	0.0100	0.0628	0	0.0304	-0.0102	0.2692	0.2196	0.2388	0.2298	1	-1	0	2.067452
6	1	3	3	1	0.0000	0.0000	0.0100	0.0628	0	0.1081	-0.1294	-3.0324	0.5361	-3.1406	0.6655	1	1	1	4.289145
6	1	4	4	1	0.0000	0.0000	0.0100	0.0628	0	-0.0256	0.0892	0.2606	0.1133	0.2862	0.0241	1	1	1	1.569281
6	1	5	5	1	0.0000	0.0000	0.0100	0.0628	0	0.1391	-0.1705	3.0245	0.1250	2.8854	0.2955	2	-1	1	2.121851
6	1	6	6	1	0.0000	0.0000	0.0100	0.0628	0	0.0036	0.2704	-0.0298	0.4893	-0.0335	0.2189	2	-1	1	2.138238
6	1	7	7	1	0.0000	0.0000	0.0100	0.0628	0	-0.1171	-0.2152	-2.9860	0.3769	-2.8689	0.5921	2	-1	1	1.600504
6	1	8	8	1	0.0000	0.0000	0.0100	0.0628	0	0.0573	0.3156	0.5707	0.7027	0.5134	0.3871	1	-1	0	1.736046
6	1	9	9	1	0.0000	0.0000	0.0100	0.0628	0	0.1357	0.3267	0.8413	0.6463	0.7056	0.3195	1	1	1	1.602489
6	1	10	10	1	0.0000	0.0000	0.0100	0.0628	0	0.0333	-0.0944	1.8473	0.5615	1.8140	0.6559	1	-1	0	2.626940
6	1	11	11	1	0.0000	0.0000	0.0100	0.0628	0	-0.1760	-0.2159	2.6607	0.1894	2.8367	0.4053	1	-1	0	5.267350
6	1	12	12	1	0.0000	0.0000	0.0100	0.0628	0	0.0005	0.1362	-0.2256	0.4569	-0.2261	0.3207	1	1	1	2.381704
6	1	13	13	1	0.0000	0.0000	0.0100	0.0628	0	0.0336	-0.1080	-2.6155	0.2617	-2.6491	0.3697	2	-1	1	1.654254
6	1	14	14	1	0.0000	0.0000	0.0100	0.0628	0	-0.0610	0.0730	2.4038	0.1085	2.4647	0.0355	2	-1	1	1.174236
6	1	15	15	1	0.0000	0.0000	0.0100	0.0628	0	0.0650	-0.1760	0.8757	4.9809	0.8106	5.1570	2	1	0	3.856039
6	1	16	16	1	0.0000	0.0000	0.0100	0.0628	0	0.0227	-0.0624	1.2566	0.3070	1.2339	0.3694	2	-1	1	2.994793
6	1	17	17	1	0.0000	0.0000	0.0100	0.0628	0	0.1201	-0.2347	-2.8923	0.4143	-3.0124	0.6490	2	1	0	1.885703
6	1	18	18	1	0.0000	0.0000	0.0100	0.0628	0	-0.0240	0.1128	-0.4324	0.3136	-0.4084	0.2007	2	-1	1	1.790977
6	1	19	19	1	0.0000	0.0000	0.0100	0.0628	0	0.0326	0.0478	1.1071	0.0490	1.0745	0.0012	2	1	0	6.351075
6	1	20	20	1	0.0000	0.0000	0.0100	0.0628	0	0.0254	0.1725	-2.9229	0.0673	-2.9483	-0.1052	1	1	1	1.948394
6	1	20	20	1	0.0000	0.0000	0.0000	0.0000	10	0.0000	0.0000	1.6162	0.1608	0.0000	0.0000	0	0	2	4.488531
6	2	1	21	4	0.0000	0.0000	0.0100	0.0628	0	0.1551	0.2676	-0.0893	0.4911	-0.2444	0.2235	1	-1	0	1.336968
6	2	2	22	4	0.0000	0.0000	0.0100	0.0628	0	-0.0951	-0.1971	-3.0690	0.4026	-2.9739	0.5996	1	1	1	2.201855
6	2	3	23	4	0.0000	0.0000	0.0100	0.0628	0	0.0997	-0.0504	2.2531	0.1505	2.1534	0.2009	1	1	1	2.649895
6	2	3	23	4	0.0000	0.0000	0.0000	0.0000	1	0.0000	0.0000	1.0144	0.7049	0.0000	0.0000	0	0	2	5.451013
6	2	3	23	4	0.0000	0.0000	0.0000	0.0000	10	0.0000	0.0000	2.2896	0.0776	0.0000	0.0000	0	0	2	0.908450
6	3	1	24	2	0.1396	5.6549	0.0400	0.2513	0	0.3605	5.5062	0.5707	3.5134	0.2102	-1.9928	1	1	1	1.745720
6	3	2	25	2	0.1396	5.6549	0.0400	0.2513	0	-0.1991	6.2068	-0.1541	5.9914	0.0450	-0.2154	1	-1	0	1.242417
6	3	3	26	2	0.1396	5.6549	0.0400	0.2513	0	0.0188	5.1515	0.0598	5.3752	0.0410	0.2237	1	-1	0	1.891798
6	3	3	26	2	0.0000	0.0000	0.0000	0.0000	1	0.0000	0.0000	0.0915	5.4321	0.0000	0.0000	0	0	2	2.483757
6	3	4	27	2	0.1396	5.6549	0.0400	0.2513	0	0.1710	5.2864	0.1887	5.4477	0.0177	0.1613	1	-1	0	2.575468
6	3	5	28	2	0.1396	5.6549	0.0400	0.2513	0	-0.2828	5.1841	-0.1003	5.3927	0.1825	0.2086	2	1	0	1.634990
6	3	6	29	2	0.1396	5.6549	0.0400	0.2513	0	0.0074	6.1308	0.1367	6.1087	0.1292	-0.0220	1	1	1	1.447271
6	3	6	29	2	0.0000	0.0000	0.0000	0.0000	5	0.0000	0.0000	0.0964	5.1559	0.0000	0.0000	0	0	2	3.270098
6	3	7	30	2	0.1396	5.6549	0.0400	0.2513	0	0.0979	4.6230	0.1649	5.4246	0.0670	0.8016	1	1	1	1.524706
6	3	8	31	2	0.1396	5.6549	0.0400	0.2513	0	-0.2299	6.1399	-0.0981	6.1104	0.1318	-0.0295	1	-1	0	1.060325
6	3	9	32	2	0.1396	5.6549	0.0400	0.2513	0	0.1672	5.5197	0.1528	5.7539	-0.0144	0.2341	1	-1	0	1.304412
6	3	9	32	2	0.0000	0.0000	0.0000	0.0000	1	0.0000	0.0000	-0.1564	5.6240	0.0000	0.0000	0	0	2	4.008490
6	3	10	33	2	0.1396	5.6549	0.0400	0.2513	0	0.0835	5.6945	0.1023	5.8634	0.0188	0.1690	2	-1	1	1.620307
6	3	11	34	2	0.1396	5.6549	0.0400	0.2513	0	-0.0158	6.1228	0.1203	6.0812	0.1361	-0.0416	2	1	0	1.106877
6	3	12	35	2	0.1396	5.6549	0.0400	0.2513	0	0.0545	5.4600	0.1346	5.7681	0.0801	0.3081	2	1	0	1.235201
6	3	12	35	2	0.0000	0.0000	0.0000	0.0000	5	0.0000	0.0000	-0.2048	5.9573	0.0000	0.0000	0	0	2	1.193895
6	3	12	35	2	0.0000	0.0000	0.0000	0.0000	10	0.0000	0.0000	-0.0330	4.8718	0.0000	0.0000	0	0	2	1.676167
6	4	1	36	9	0.0000	0.0000	0.0100	0.0628	0	0.0253	-0.4629	2.9588	0.8834	2.9335	1.3463	1	1	1	1.022796
6	4	2	37	9	0.0000	0.0000	0.0100	0.0628	0	-0.0519	-0.1210	0.3562	0.3349	0.4082	0.4559	1	-1	0	1.604677
6	4	3	38	9	0.0000	0.0000	0.0100	0.0628	0	0.0826	-0.1224	-2.8041	0.4410	-2.8868	0.5634	1	-1	0	1.165779
6	4	3	38	9	0.0000	0.0000	0.0000	0.0000	1	0.0000	0.0000	1.4785	0.3959	0.0000	0.0000	0	0	2	1.740400
6	4	4	39	9	0.0000	0.0000	0.0100	0.0628	0	-0.0686	-0.0072	-2.1499	0.2268	-2.0813	0.2340	2	-1	1	1.164470
6	4	5	40	9	0.0000	0.0000	0.0100	0.0628	0	0.1786	-0.3967	-1.3597	0.3136	-1.5383	0.7102	2	-1	1	0.905526
6	4	6	41	9	0.0000	0.0000	0.0100	0.0628	0	-0.0313	0.0841	-2.2832	0.2122	-2.2518	0.1281	1	1	1	1.339849
6	4	6	41	9	0.0000	0.0000	0.0000	0.0000	5	0.0000	0.0000	0.3923	0.2291	0.0000	0.0000	0	0	2	0.681958
6	4	6	41	9	0.0000	0.0000	0.0000	0.0000	10	0.0000	0.0000	-0.0554	5.5347	0.0000	0.0000	0	0	2	1.205418
6	5	1	42	7	1.5708	5.6549	0.0600	0.3770	0	1.4265	4.7829	1.4263	5.1197	-0.0002	0.3368	1	-1	0	1.460007
6	5	2	43	7	1.5708	5.6549	0.0600	0.3770	0	1.4717	5.6357	1.5586	5.3733	0.0869	-0.2625	1	1	1	1.552434
6	5	3	44	7	1.5708	5.6549	0.0600	0.3770	0	1.6296	5.6917	1.5536	5.5343	-0.0759	-0.1574	1	1	1	1.763944
6	5	3	44	7	0.0000	0.0000	0.0000	0.0000	1	0.0000	0.0000	1.6631	5.3079	0.0000	0.0000	0	0	2	1.472886
6	5	4	45	7	1.5708	5.6549	0.0600	0.3770	0	1.7243	5.1841	1.6841	5.0990	-0.0402	-0.0851	1	1	1	1.666935
6	5	5	46	7	1.5708	5.6549	0.0600	0.3770	0	1.6035	5.2189	1.7031	5.2582	0.0996	0.0393	1	-1	0	1.246216
6	5	6	47	7	1.5708	5.6549	0.0600	0.3770	0	1.8625	5.3313	1.8963	5.5935	0.0337	0.2623	1	-1	0	1.071944
6	5	6	47	7	0.0000	0.0000	0.0000	0.0000	5	0.0000	0.0000	1.8289	5.1191	0.0000	0.0000	0	0	2	1.807722
6	5	7	48	7	1.5708	5.6549	0.0600	0.3770	0	1.4198	4.8226	1.4392	5.5081	0.0194	0.6855	2	-1	1	1.425157
6	5	8	49	7	1.5708	5.6549	0.0600	0.3770	0	1.1781	5.9542	1.2955	5.6134	0.1174	-0.3408	1	1	1	1.346654
6	5	9	50	7	1.5708	5.6549	0.0600	0.3770	0	1.2793	5.1743	1.2646	5.4972	-0.0147	0.3229	2	-1	1	1.283941
6	5	9	50	7	0.0000	0.0000	0.0000	0.0000	1	0.0000	0.0000	1.3461	5.4066	0.0000	0.0000	0	0	2	0.877390
6	5	9	50	7	0.0000	0.0000	0.0000	0.0000	10	0.0000	0.0000	1.6332	0.5851	0.0000	0.0000	0	0	2	0.880869
6	6	1	51	3	0.4625	4.3982	0.0600	0.3770	0	0.7011	4.6116	0.6581	5.0843	-0.0430	0.4728	1	-1	0	0.835666
6	6	2	52	3	0.4625	4.3982	0.0600	0.3770	0	0.0463	4.9830	0.2976	4.6807	0.2513	-0.3023	1	-1	0	0.969884
6	6	3	53	3	0.4625	4.3982	0.0600	0.3770	0	0.5002	3.6621	0.7814	3.8973	0.2812	0.2352	1	-1	0	1.016909
6	6	3	53	3	0.0000	0.0000	0.0000	0.0000	1	0.0000	0.0000	0.2710	4.4172	0.0000	0.0000	0	0	2	1.690115
6	6	4	54	3	0.4625	4.3982	0.0600	0.3770	0	0.1218	4.0595	0.0919	4.6113	-0.0299	0.5517	2	-1	1	1.122008
6	6	5	55	3	0.4625	4.3982	0.0600	0.3770	0	0.6884	3.3572	0.5382	3.9875	-0.1502	0.6303	1	1	1	0.793264
6	6	6	56	3	0.4625	4.3982	0.0600	0.3770	0	0.5031	4.7445	0.6932	4.3182	0.1901	-0.4262	2	1	0	0.942629
6	6	6	56	3	0.0000	0.0000	0.0000	0.0000	5	0.0000	0.0000	0.6190	4.5800	0.0000	0.0000	0	0	2	1.337898
6	6	7	57	3	0.4625	4.3982	0.0600	0.3770	0	0.3815	4.3714	0.4292	4.0703	0.0477	-0.3011	1	-1	0	0.930357
6	6	8	58	3	0.4625	4.3982	0.0600	0.3770	0	0.6508	4.1062	0.6052	4.0034	-0.0456	-0.1028	1	-1	0	0.982399
6	6	9	59	3	0.4625	4.3982	0.0600	0.3770	0	0.5762	4.7346	0.5114	4.4451	-0.0648	-0.2895	1	-1	0	0.962558
6	6	9	59	3	0.0000	0.0000	0.0000	0.0000	1	0.0000	0.0000	0.3417	4.7495	0.0000	0.0000	0	0	2	1.600779
6	6	10	60	3	0.4625	4.3982	0.0600	0.3770	0	0.5749	3.9332	0.5645	4.3117	-0.0104	0.3786	2	-1	1	0.968686
6	6	11	61	3	0.4625	4.3982	0.0600	0.3770	0	0.8510	3.8082	0.8152	4.3328	-0.0358	0.5246	2	1	0	1.252828
6	6	12	62	3	0.4625	4.3982	0.0600	0.3770	0	0.8581	4.2162	0.8079	3.8983	-0.0502	-0.3180	2	1	0	1.042898
6	6	12	62	3	0.0000	0.0000	0.0000	0.0000	5	0.0000	0.0000	0.9005	4.3597	0.0000	0.0000	0	0	2	0.427984
6	6	12	62	3	0.0000	0.0000	0.0000	0.0000	10	0.0000	0.0000	-0.1829	4.6548	0.0000	0.0000	0	0	2	0.683898
6	7	1	63	10	2.3562	1.8850	0.0100	0.0628	0	2.5486	1.4586	-2.8399	2.6530	-5.3884	1.1944	1	1	1	1.562712
6	7	2	64	10	2.3562	1.8850	0.0100	0.0628	0	2.1852	1.7221	2.2896	1.7848	0.1044	0.0627	1	-1	0	1.000013
6	7	3	65	10	2.3562	1.8850	0.0100	0.0628	0	2.2582	2.0570	2.3298	2.1533	0.0716	0.0963	1	-1	0	1.187717
6	7	3	65	10	0.0000	0.0000	0.0000	0.0000	1	0.0000	0.0000	2.7246	2.4512	0.0000	0.0000	0	0	2	0.928252
6	7	4	66	10	2.3562	1.8850	0.0100	0.0628	0	2.3572	1.7711	2.6325	1.7974	0.2754	0.0264	2	1	0	0.999680
6	7	5	67	10	2.3562	1.8850	0.0100	0.0628	0	2.3584	2.0233	2.6489	1.9139	0.2905	-0.1094	1	-1	0	1.264918
6	7	6	68	10	2.3562	1.8850	0.0100	0.0628	0	2.3735	1.4525	2.5922	1.2583	0.2187	-0.1943	1	1	1	1.475896
6	7	6	68	10	0.0000	0.0000	0.0000	0.0000	5	0.0000	0.0000	2.7315	2.0139	0.0000	0.0000	0	0	2	2.317396
6	7	7	69	10	2.3562	1.8850	0.0100	0.0628	0	2.3666	1.9138	2.6995	1.3650	0.3329	-0.5488	1	1	1	0.999106
6	7	8	70	10	2.3562	1.8850	0.0100	0.0628	0	2.3523	2.0378	2.5976	1.7490	0.2453	-0.2888	2	-1	1	1.088026
6	7	9	71	10	2.3562	1.8850	0.0100	0.0628	0	2.3711	2.0280	2.1963	1.7830	-0.1748	-0.2450	1	-1	0	1.419053
6	7	9	71	10	0.0000	0.0000	0.0000	0.0000	1	0.0000	0.0000	2.2392	2.3441	0.0000	0.0000	0	0	2	1.129928
6	7	9	71	10	0.0000	0.0000	0.0000	0.0000	10	0.0000	0.0000	-2.9312	0.7689	0.0000	0.0000	0	0	2	4.331698
6	8	1	72	17	4.2499	1.8850	0.0400	0.2513	0	4.1795	2.0998	-2.4263	2.1371	-6.6058	0.0373	2	1	0	1.507026
6	8	2	73	17	4.2499	1.8850	0.0400	0.2513	0	4.2518	2.6522	-2.5267	2.7080	-6.7784	0.0558	2	1	0	1.125548
6	8	3	74	17	4.2499	1.8850	0.0400	0.2513	0	4.3651	1.1263	-2.0919	1.3636	-6.4570	0.2374	2	-1	1	2.158224
6	8	3	74	17	0.0000	0.0000	0.0000	0.0000	1	0.0000	0.0000	-1.7800	1.5821	0.0000	0.0000	0	0	2	1.008340
6	8	4	75	17	4.2499	1.8850	0.0400	0.2513	0	4.3648	2.0740	-1.9916	1.9835	-6.3564	-0.0905	2	1	0	1.084494
6	8	5	76	17	4.2499	1.8850	0.0400	0.2513	0	4.0100	1.9984	-1.8800	1.6553	-5.8900	-0.3431	2	-1	1	0.884727
6	8	6	77	17	4.2499	1.8850	0.0400	0.2513	0	4.2156	1.4011	-2.0973	1.3510	-6.3129	-0.0501	2	1	0	1.117044
6	8	6	77	17	0.0000	0.0000	0.0000	0.0000	5	0.0000	0.0000	-1.6864	1.4551	0.0000	0.0000	0	0	2	0.595440
6	8	7	78	17	4.2499	1.8850	0.0400	0.2513	0	3.8049	1.6065	-2.2916	1.3604	-6.0966	-0.2460	1	1	1	1.822417
6	8	8	79	17	4.2499	1.8850	0.0400	0.2513	0	4.2398	1.6433	-2.1847	1.4826	-6.4246	-0.1608	2	-1	1	1.406390
6	8	9	80	17	4.2499	1.8850	0.0400	0.2513	0	4.0268	2.9321	-2.3495	2.2971	-6.3762	-0.6350	1	-1	0	1.248080
6	8	9	80	17	0.0000	0.0000	0.0000	0.0000	1	0.0000	0.0000	-2.4169	2.4668	0.0000	0.0000	0	0	2	0.965735
6	8	10	81	17	4.2499	1.8850	0.0400	0.2513	0	4.2965	1.6713	-2.4118	1.9491	-6.7083	0.2777	2	1	0	1.062936
6	8	11	82	17	4.2499	1.8850	0.0400	0.2513	0	3.8750	1.8923	-2.4960	2.1112	-6.3710	0.2189	2	-1	1	0.987545
6	8	12	83	17	4.2499	1.8850	0.0400	0.2513	0	3.9644	2.3785	-1.9863	2.4416	-5.9507	0.0631	2	-1	1	12.916929
6	8	12	83	17	0.0000	0.0000	0.0000	0.0000	5	0.0000	0.0000	-2.2538	3.1809	0.0000	0.0000	0	0	2	1.421016
6	8	12	83	17	0.0000	0.0000	0.0000	0.0000	10	0.0000	0.0000	-1.9065	3.4792	0.0000	0.0000	0	0	2	0.432167
6	9	1	84	20	4.8520	3.1416	0.0400	0.2513	0	4.9079	3.2261	-1.0838	2.7921	-5.9917	-0.4340	1	1	1	0.988818
6	9	2	85	20	4.8520	3.1416	0.0400	0.2513	0	4.9405	1.9889	-1.1447	1.2186	-6.0852	-0.7703	2	1	0	0.680793
6	9	3	86	20	4.8520	3.1416	0.0400	0.2513	0	4.7342	3.2584	-1.3695	2.5928	-6.1037	-0.6656	2	1	0	4.690889
6	9	3	86	20	0.0000	0.0000	0.0000	0.0000	1	0.0000	0.0000	-1.4598	2.7031	0.0000	0.0000	0	0	2	0.363817
6	9	4	87	20	4.8520	3.1416	0.0400	0.2513	0	4.6967	2.3763	-1.4084	2.6631	-6.1051	0.2868	2	1	0	1.131456
6	9	5	88	20	4.8520	3.1416	0.0400	0.2513	0	4.4177	3.3535	-1.5785	2.8325	-5.9963	-0.5209	2	-1	1	1.521499
6	9	6	89	20	4.8520	3.1416	0.0400	0.2513	0	5.2111	2.7168	-0.7509	3.1455	-5.9620	0.4287	2	-1	1	0.787215
6	9	6	89	20	0.0000	0.0000	0.0000	0.0000	5	0.0000	0.0000	-0.6899	3.3032	0.0000	0.0000	0	0	2	0.490967
6	9	6	89	20	0.0000	0.0000	0.0000	0.0000	10	0.0000	0.0000	-0.8193	4.4160	0.0000	0.0000	0	0	2	0.692104
6	10	1	90	13	3.1416	4.3982	0.0400	0.2513	0	2.9870	4.9834	2.9406	4.3881	-0.0463	-0.5953	2	-1	1	1.292520
6	10	2	91	13	3.1416	4.3982	0.0400	0.2513	0	3.0401	4.4981	3.0904	4.8463	0.0503	0.3482	2	-1	1	1.925002
6	10	3	92	13	3.1416	4.3982	0.0400	0.2513	0	3.3437	4.3009	-3.0205	4.1108	-6.3642	-0.1901	1	1	1	1.075565
6	10	3	92	13	0.0000	0.0000	0.0000	0.0000	1	0.0000	0.0000	-2.8718	4.2187	0.0000	0.0000	0	0	2	0.859718
6	10	4	93	13	3.1416	4.3982	0.0400	0.2513	0	2.7294	4.0593	2.7274	4.4258	-0.0020	0.3665	1	-1	0	1.046574
6	10	5	94	13	3.1416	4.3982	0.0400	0.2513	0	3.5889	3.7054	-2.8479	4.0345	-6.4368	0.3292	1	1	1	1.871000
6	10	6	95	13	3.1416	4.3982	0.0400	0.2513	0	3.1393	4.4412	-3.0159	4.7754	-6.1552	0.3342	1	1	1	1.612207
6	10	6	95	13	0.0000	0.0000	0.0000	0.0000	5	0.0000	0.0000	2.7714	5.0038	0.0000	0.0000	0	0	2	1.132374
6	10	6	95	13	0.0000	0.0000	0.0000	0.0000	10	0.0000	0.0000	-2.5722	4.3599	0.0000	0.0000	0	0	2	0.271167
6	11	1	96	5	1.1083	3.1416	0.0100	0.0628	0	1.0769	3.1947	0.9705	4.4587	-0.1063	1.2640	2	1	0	0.747096
6	11	2	97	5	1.1083	3.1416	0.0100	0.0628	0	1.1020	3.5320	1.0321	3.5718	-0.0699	0.0399	2	1	0	0.812638
6	11	3	98	5	1.1083	3.1416	0.0100	0.0628	0	1.0592	3.0616	0.9654	4.0662	-0.0939	1.0046	2	1	0	0.811712
6	11	3	98	5	0.0000	0.0000	0.0000	0.0000	1	0.0000	0.0000	0.7579	4.6940	0.0000	0.0000	0	0	2	0.824031
6	11	4	99	5	1.1083	3.1416	0.0100	0.0628	0	1.0892	3.3391	0.9890	3.6000	-0.1002	0.2609	2	1	0	1.031859
6	11	5	100	5	1.1083	3.1416	0.0100	0.0628	0	1.2045	2.8513	1.1989	3.6358	-0.0057	0.7845	1	1	1	1.087159
6	11	6	101	5	1.1083	3.1416	0.0100	0.0628	0	1.1177	3.6256	1.0716	3.8581	-0.0461	0.2324	2	-1	1	1.384293
6	11	6	101	5	0.0000	0.0000	0.0000	0.0000	5	0.0000	0.0000	0.9604	4.2408	0.0000	0.0000	0	0	2	1.316888
6	11	7	102	5	1.1083	3.1416	0.0100	0.0628	0	1.1285	2.8958	1.1052	3.3333	-0.0233	0.4374	1	-1	0	1.109212
6	11	8	103	5	1.1083	3.1416	0.0100	0.0628	0	1.3303	2.9334	1.5063	2.6043	0.1760	-0.3292	2	1	0	0.858656
6	11	9	104	5	1.1083	3.1416	0.0100	0.0628	0	1.1668	3.0316	1.5358	3.5500	0.3691	0.5184	1	-1	0	0.776191
6	11	9	104	5	0.0000	0.0000	0.0000	0.0000	1	0.0000	0.0000	1.7822	3.5838	0.0000	0.0000	0	0	2	0.644532
6	11	9	104	5	0.0000	0.0000	0.0000	0.0000	10	0.0000	0.0000	0.9216	4.6006	0.0000	0.0000	0	0	2	0.355466
6	12	1	105	6	1.4312	1.8850	0.0600	0.3770	0	1.6101	1.8958	1.6516	2.0800	0.0415	0.1842	1	-1	0	1.108018
6	12	2	106	6	1.4312	1.8850	0.0600	0.3770	0	1.5407	2.0916	1.6617	2.4923	0.1210	0.4008	2	1	0	2.251902
6	12	3	107	6	1.4312	1.8850	0.0600	0.3770	0	1.1564	2.0758	1.0486	2.6784	-0.1078	0.6026	1	-1	0	1.382272
6	12	3	107	6	0.0000	0.0000	0.0000	0.0000	1	0.0000	0.0000	0.7872	2.8236	0.0000	0.0000	0	0	2	1.225236
6	12	4	108	6	1.4312	1.8850	0.0600	0.3770	0	2.0461	1.6270	2.1282	1.2559	0.0821	-0.3711	2	1	0	0.865959
6	12	5	109	6	1.4312	1.8850	0.0600	0.3770	0	1.6511	1.5227	1.8291	1.8575	0.1780	0.3348	1	-1	0	0.937326
6	12	6	110	6	1.4312	1.8850	0.0600	0.3770	0	1.4794	2.5992	1.5676	2.2922	0.0882	-0.3070	2	1	0	1.120737
6	12	6	110	6	0.0000	0.0000	0.0000	0.0000	5	0.0000	0.0000	1.9526	3.1938	0.0000	0.0000	0	0	2	1.204807
6	12	6	110	6	0.0000	0.0000	0.0000	0.0000	10	0.0000	0.0000	1.6992	3.5920	0.0000	0.0000	0	0	2	1.568951
6	13	1	111	18	4.5728	4.3982	0.0100	0.0628	0	4.6038	4.3711	-1.8586	3.4717	-6.4624	-0.8994	1	1	1	0.823006
6	13	2	112	18	4.5728	4.3982	0.0100	0.0628	0	4.5663	4.1626	-1.9096	3.9319	-6.4758	-0.2307	1	1	1	0.858433
6	13	3	113	18	4.5728	4.3982	0.0100	0.0628	0	4.6952	4.6017	-1.2091	4.6831	-5.9043	0.0814	2	-1	1	1.134159
6	13	3	113	18	0.0000	0.0000	0.0000	0.0000	1	0.0000	0.0000	-1.6364	4.3456	0.0000	0.0000	0	0	2	0.648402
6	13	4	114	18	4.5728	4.3982	0.0100	0.0628	0	4.7910	4.3863	-1.4519	3.9995	-6.2428	-0.3868	2	1	0	0.776399
6	13	5	115	18	4.5728	4.3982	0.0100	0.0628	0	4.6148	4.4068	-1.7473	4.8644	-6.3621	0.4576	2	1	0	0.952037
6	13	6	116	18	4.5728	4.3982	0.0100	0.0628	0	4.4382	4.6362	-1.7740	4.6659	-6.2122	0.0297	1	1	1	1.046341
6	13	6	116	18	0.0000	0.0000	0.0000	0.0000	5	0.0000	0.0000	-2.1890	4.4969	0.0000	0.0000	0	0	2	0.662422
6	13	7	117	18	4.5728	4.3982	0.0100	0.0628	0	4.4315	4.4094	-1.9498	4.6361	-6.3814	0.2267	2	-1	1	1.004472
6	13	8	118	18	4.5728	4.3982	0.0100	0.0628	0	4.6510	4.5771	-1.4681	4.7702	-6.1191	0.1931	2	1	0	0.821901
6	13	9	119	18	4.5728	4.3982	0.0100	0.0628	0	4.5094	4.4168	-1.7998	4.6624	-6.3092	0.2456	1	-1	0	0.763351
6	13	9	119	18	0.0000	0.0000	0.0000	0.0000	1	0.0000	0.0000	-2.0906	4.1887	0.0000	0.0000	0	0	2	0.984789
6	13	9	119	18	0.0000	0.0000	0.0000	0.0000	10	0.0000	0.0000	2.9710	5.0742	0.0000	0.0000	0	0	2	1.819809
6	14	1	120	23	0.0000	0.0000	0.0100	0.0628	0	0.0680	-0.5005	2.5994	0.7074	2.5314	1.2078	2	1	0	0.625485
6	14	2	121	23	0.0000	0.0000	0.0100	0.0628	0	-0.1794	-0.2164	-1.8788	0.1685	-1.6995	0.3850	2	1	0	0.979956
6	14	3	122	23	0.0000	0.0000	0.0100	0.0628	0	0.0547	-0.0889	2.4859	0.1197	2.4312	0.2087	1	-1	0	1.385606
6	14	3	122	23	0.0000	0.0000	0.0000	0.0000	1	0.0000	0.0000	0.1095	0.6683	0.0000	0.0000	0	0	2	1.418041
6	14	4	123	23	0.0000	0.0000	0.0100	0.0628	0	-0.1181	0.0540	2.8431	0.2979	2.9612	0.2439	1	1	1	1.933131
6	14	5	124	23	0.0000	0.0000	0.0100	0.0628	0	-0.0323	-0.1285	0.7112	0.6263	0.7435	0.7548	1	1	1	1.591453
6	14	6	125	23	0.0000	0.0000	0.0100	0.0628	0	-0.0491	-0.0994	2.4938	0.3387	2.5429	0.4381	1	-1	0	1.232521
6	14	6	125	23	0.0000	0.0000	0.0000	0.0000	5	0.0000	0.0000	2.9131	0.9668	0.0000	0.0000	0	0	2	0.618991
6	14	6	125	23	0.0000	0.0000	0.0000	0.0000	10	0.0000	0.0000	-0.9234	2.9653	0.0000	0.0000	0	0	2	0.264009
6	15	1	126	15	3.6041	3.1416	0.0400	0.2513	0	4.0029	3.6016	-2.0710	2.1463	-6.0738	-1.4552	2	-1	1	1.074375
6	15	2	127	15	3.6041	3.1416	0.0400	0.2513	0	3.7137	3.3053	-2.2881	2.6542	-6.0018	-0.6510	1	1	1	0.893523
6	15	3	128	15	3.6041	3.1416	0.0400	0.2513	0	3.6667	3.3781	-2.7748	4.3559	-6.4415	0.9778	2	1	0	2.147661
6	15	3	128	15	0.0000	0.0000	0.0000	0.0000	1	0.0000	0.0000	-2.5557	3.7761	0.0000	0.0000	0	0	2	0.911927
6	15	3	128	15	0.0000	0.0000	0.0000	0.0000	10	0.0000	0.0000	-2.3914	1.0279	0.0000	0.0000	0	0	2	0.993896
6	16	1	129	8	1.7104	4.3982	0.0100	0.0628	0	1.5798	4.2634	1.4800	4.7500	-0.0998	0.4866	2	1	0	0.922415
6	16	2	130	8	1.7104	4.3982	0.0100	0.0628	0	1.6690	4.6692	1.8979	4.7487	0.2289	0.0794	2	-1	1	1.329080
6	16	3	131	8	1.7104	4.3982	0.0100	0.0628	0	1.6170	4.3625	1.3798	4.2679	-0.2372	-0.0946	1	1	1	0.970581
6	16	3	131	8	0.0000	0.0000	0.0000	0.0000	1	0.0000	0.0000	1.3743	4.6000	0.0000	0.0000	0	0	2	1.471998
6	16	3	131	8	0.0000	0.0000	0.0000	0.0000	10	0.0000	0.0000	1.9589	3.3755	0.0000	0.0000	0	0	2	0.993514
6	17	1	132	22	5.4978	4.3982	0.0600	0.3770	0	5.4867	4.3865	-0.6092	4.9758	-6.0958	0.5893	1	1	1	0.870722
6	17	2	133	22	5.4978	4.3982	0.0600	0.3770	0	5.3637	4.7982	-0.6622	4.9153	-6.0259	0.1171	1	1	1	0.938935
6	17	3	134	22	5.4978	4.3982	0.0600	0.3770	0	5.2295	4.5091	-0.8533	5.0963	-6.0829	0.5872	1	1	1	1.119829
6	17	3	134	22	0.0000	0.0000	0.0000	0.0000	1	0.0000	0.0000	-0.5411	5.4423	0.0000	0.0000	0	0	2	1.070504
6	17	4	135	22	5.4978	4.3982	0.0600	0.3770	0	5.4407	4.4169	-0.8349	4.9047	-6.2756	0.4878	2	-1	1	0.991019
6	17	5	136	22	5.4978	4.3982	0.0600	0.3770	0	5.6665	4.1867	-0.5554	3.5998	-6.2219	-0.5869	1	1	1	1.008653
6	17	6	137	22	5.4978	4.3982	0.0600	0.3770	0	5.4723	5.2956	-0.8226	5.1397	-6.2949	-0.1559	1	1	1	0.828325
6	17	6	137	22	0.0000	0.0000	0.0000	0.0000	5	0.0000	0.0000	-0.4907	4.4612	0.0000	0.0000	0	0	2	6.281372
6	17	7	138	22	5.4978	4.3982	0.0600	0.3770	0	5.0689	5.2966	-0.9698	5.1512	-6.0388	-0.1454	1	1	1	1.798042
6	17	8	139	22	5.4978	4.3982	0.0600	0.3770	0	4.9537	4.3725	-1.3902	4.1854	-6.3439	-0.1872	2	1	0	1.195359
6	17	9	140	22	5.4978	4.3982	0.0600	0.3770	0	5.7591	5.5807	-0.3722	4.8979	-6.1313	-0.6828	2	-1	1	0.973280
6	17	9	140	22	0.0000	0.0000	0.0000	0.0000	1	0.0000	0.0000	-0.5273	4.4686	0.0000	0.0000	0	0	2	1.534131
6	17	10	141	22	5.4978	4.3982	0.0600	0.3770	0	5.5233	3.6629	-0.7642	3.1650	-6.2875	-0.4979	1	1	1	0.803280
6	17	11	142	22	5.4978	4.3982	0.0600	0.3770	0	5.2094	4.5692	-0.8479	3.7187	-6.0573	-0.8505	1	-1	0	1.196804
6	17	12	143	22	5.4978	4.3982	0.0600	0.3770	0	5.3668	5.2367	-0.9446	4.7210	-6.3114	-0.5157	1	-1	0	0.643098
6	17	12	143	22	0.0000	0.0000	0.0000	0.0000	5	0.0000	0.0000	-0.5944	5.0315	0.0000	0.0000	0	0	2	0.557286
6	17	12	143	22	0.0000	0.0000	0.0000	0.0000	10	0.0000	0.0000	-0.0472	3.0914	0.0000	0.0000	0	0	2	0.184738
6	18	1	144	11	2.6791	5.6549	0.0400	0.2513	0	2.5122	5.3251	2.3780	4.9825	-0.1342	-0.3427	2	-1	1	0.755589
6	18	2	145	11	2.6791	5.6549	0.0400	0.2513	0	2.6991	4.9271	2.7056	4.8402	0.0065	-0.0869	1	-1	0	0.908027
6	18	3	146	11	2.6791	5.6549	0.0400	0.2513	0	2.6276	5.4808	2.6501	5.0427	0.0225	-0.4382	1	1	1	1.170735
6	18	3	146	11	0.0000	0.0000	0.0000	0.0000	1	0.0000	0.0000	2.7288	4.9492	0.0000	0.0000	0	0	2	0.379649
6	18	3	146	11	0.0000	0.0000	0.0000	0.0000	10	0.0000	0.0000	2.3800	4.1256	0.0000	0.0000	0	0	2	1.111726
6	19	1	147	19	4.7124	1.8850	0.0100	0.0628	0	4.6228	1.5261	-0.6490	0.2657	-5.2718	-1.2603	2	1	0	1.010532
6	19	2	148	19	4.7124	1.8850	0.0100	0.0628	0	4.8226	2.0385	-0.8788	1.3843	-5.7014	-0.6542	1	1	1	0.627856
6	19	3	149	19	4.7124	1.8850	0.0100	0.0628	0	4.6119	2.3400	-1.9286	1.7302	-6.5405	-0.6098	1	1	1	1.735517
6	19	3	149	19	0.0000	0.0000	0.0000	0.0000	1	0.0000	0.0000	-2.1160	1.8442	0.0000	0.0000	0	0	2	1.054540
6	19	3	149	19	0.0000	0.0000	0.0000	0.0000	10	0.0000	0.0000	-0.3488	4.3577	0.0000	0.0000	0	0	2	2.506662
6	20	1	150	24	6.1436	5.6549	0.0100	0.0628	0	6.0952	5.8906	-0.0917	5.9014	-6.1868	0.0107	1	1	1	1.208634
6	20	2	151	24	6.1436	5.6549	0.0100	0.0628	0	6.1037	5.7109	-0.2608	5.7196	-6.3644	0.0086	2	1	0	0.812316
6	20	3	152	24	6.1436	5.6549	0.0100	0.0628	0	6.1841	5.5744	-0.0342	5.5586	-6.2182	-0.0157	1	-1	0	1.084855
6	20	3	152	24	0.0000	0.0000	0.0000	0.0000	1	0.0000	0.0000	-0.1290	6.0142	0.0000	0.0000	0	0	2	0.721753
6	20	3	152	24	0.0000	0.0000	0.0000	0.0000	10	0.0000	0.0000	0.0722	4.2524	0.0000	0.0000	0	0	2	0.988399
6	21	1	153	14	0.0000	0.0000	0.0100	0.0628	0	-0.0001	-0.2668	2.9320	0.3508	2.9320	0.6175	1	-1	0	0.774919
6	21	2	154	14	0.0000	0.0000	0.0100	0.0628	0	-0.0795	-0.4022	3.1416	0.3869	3.2211	0.7891	1	-1	0	2.122518
6	21	3	155	14	0.0000	0.0000	0.0100	0.0628	0	0.0943	0.0499	1.2793	0.0762	1.1850	0.0263	1	1	1	1.672066
6	21	3	155	14	0.0000	0.0000	0.0000	0.0000	1	0.0000	0.0000	2.6467	0.5226	0.0000	0.0000	0	0	2	0.971441
6	21	4	156	14	0.0000	0.0000	0.0100	0.0628	0	-0.0511	-0.1808	-2.9169	0.2621	-2.8658	0.4429	2	-1	1	1.739736
6	21	5	157	14	0.0000	0.0000	0.0100	0.0628	0	-0.1022	-0.0182	0.7454	0.1292	0.8476	0.1474	1	-1	0	1.964076
6	21	6	158	14	0.0000	0.0000	0.0100	0.0628	0	0.1961	-0.1661	2.8512	0.6629	2.6550	0.8290	2	1	0	0.900275
6	21	6	158	14	0.0000	0.0000	0.0000	0.0000	5	0.0000	0.0000	3.0389	0.7119	0.0000	0.0000	0	0	2	3.507551
6	21	7	159	14	0.0000	0.0000	0.0100	0.0628	0	0.0500	-0.2107	3.1416	0.2701	3.0916	0.4808	2	-1	1	1.962279
6	21	8	160	14	0.0000	0.0000	0.0100	0.0628	0	-0.1956	0.1119	-0.3640	0.4921	-0.1684	0.3802	1	-1	0	1.869766
6	21	9	161	14	0.0000	0.0000	0.0100	0.0628	0	-0.2223	0.0601	1.3473	0.1647	1.5696	0.1046	2	-1	1	2.170223
6	21	9	161	14	0.0000	0.0000	0.0000	0.0000	1	0.0000	0.0000	2.3699	0.3769	0.0000	0.0000	0	0	2	0.423495
6	21	9	161	14	0.0000	0.0000	0.0000	0.0000	10	0.0000	0.0000	-0.3239	1.0550	0.0000	0.0000	0	0	2	1.019457
6	22	1	162	12	3.0020	3.1416	0.0600	0.3770	0	3.0404	4.2016	2.8718	3.7795	-0.1686	-0.4221	1	1	1	1.225634
6	22	2	163	12	3.0020	3.1416	0.0600	0.3770	0	3.1086	4.6523	-2.9845	4.2942	-6.0932	-0.3581	1	-1	0	1.747047
6	22	3	164	12	3.0020	3.1416	0.0600	0.3770	0	2.9379	3.4519	2.8486	3.1339	-0.0893	-0.3180	1	-1	0	0.926194
6	22	3	164	12	0.0000	0.0000	0.0000	0.0000	1	0.0000	0.0000	2.7667	2.9105	0.0000	0.0000	0	0	2	0.242723
6	22	4	165	12	3.0020	3.1416	0.0600	0.3770	0	3.0864	3.3358	2.9111	2.8119	-0.1753	-0.5239	2	-1	1	1.253341
6	22	5	166	12	3.0020	3.1416	0.0600	0.3770	0	3.1468	3.2334	-3.1174	3.6146	-6.2641	0.3813	1	1	1	1.322202
6	22	6	167	12	3.0020	3.1416	0.0600	0.3770	0	2.8498	3.1193	2.8363	2.6713	-0.0135	-0.4480	2	-1	1	2.195813
6	22	6	167	12	0.0000	0.0000	0.0000	0.0000	5	0.0000	0.0000	2.8926	3.0808	0.0000	0.0000	0	0	2	0.951620
6	22	7	168	12	3.0020	3.1416	0.0600	0.3770	0	2.9642	2.9270	2.9480	2.6558	-0.0162	-0.2712	1	1	1	1.156759
6	22	8	169	12	3.0020	3.1416	0.0600	0.3770	0	2.7995	3.1199	2.8959	2.3407	0.0964	-0.7793	2	1	0	1.342765
6	22	9	170	12	3.0020	3.1416	0.0600	0.3770	0	3.1903	4.3871	-3.1172	4.1988	-6.3075	-0.1883	1	-1	0	1.044881
6	22	9	170	12	0.0000	0.0000	0.0000	0.0000	1	0.0000	0.0000	-3.0249	3.8882	0.0000	0.0000	0	0	2	2.267639
6	22	10	171	12	3.0020	3.1416	0.0600	0.3770	0	3.3997	3.7872	-2.8846	3.6759	-6.2843	-0.1113	1	-1	0	1.202139
6	22	11	172	12	3.0020	3.1416	0.0600	0.3770	0	3.0134	2.5876	2.9599	2.8279	-0.0536	0.2403	2	1	0	1.758702
6	22	12	173	12	3.0020	3.1416	0.0600	0.3770	0	2.9612	3.9788	2.9265	3.9678	-0.0347	-0.0110	1	1	1	1.100824
6	22	12	173	12	0.0000	0.0000	0.0000	0.0000	5	0.0000	0.0000	3.0280	3.6076	0.0000	0.0000	0	0	2	0.380819
6	22	12	173	12	0.0000	0.0000	0.0000	0.0000	10	0.0000	0.0000	2.6769	3.2582	0.0000	0.0000	0	0	2	0.873284
6	23	1	174	25	6.2832	3.1416	0.0100	0.0628	0	6.3116	3.4861	0.3503	3.9561	-5.9612	0.4699	1	1	1	1.135413
6	23	2	175	25	6.2832	3.1416	0.0100	0.0628	0	6.2688	3.4087	0.2948	3.1661	-5.9740	-0.2426	1	-1	0	0.984789
6	23	3	176	25	6.2832	3.1416	0.0100	0.0628	0	6.3231	3.0920	0.0292	3.4982	-6.2939	0.4063	1	1	1	1.135162
6	23	3	176	25	0.0000	0.0000	0.0000	0.0000	1	0.0000	0.0000	-0.0135	4.3294	0.0000	0.0000	0	0	2	0.404660
6	23	4	177	25	6.2832	3.1416	0.0100	0.0628	0	6.2120	2.9568	0.0573	3.3124	-6.1547	0.3556	2	1	0	0.999001
6	23	5	178	25	6.2832	3.1416	0.0100	0.0628	0	6.4537	2.9877	0.1693	2.5995	-6.2844	-0.3882	1	-1	0	1.120104
6	23	6	179	25	6.2832	3.1416	0.0100	0.0628	0	6.4167	3.3187	0.1314	3.4535	-6.2852	0.1349	2	-1	1	0.898848
6	23	6	179	25	0.0000	0.0000	0.0000	0.0000	5	0.0000	0.0000	-0.0394	3.3387	0.0000	0.0000	0	0	2	0.635194
6	23	7	180	25	6.2832	3.1416	0.0100	0.0628	0	6.1881	3.3956	0.0561	3.3853	-6.1320	-0.0103	2	-1	1	1.017100
6	23	8	181	25	6.2832	3.1416	0.0100	0.0628	0	6.3317	3.2321	0.1993	3.6866	-6.1323	0.4544	2	1	0	1.138980
6	23	9	182	25	6.2832	3.1416	0.0100	0.0628	0	6.1806	2.9070	0.0055	2.6646	-6.1751	-0.2424	2	-1	1	1.137772
6	23	9	182	25	0.0000	0.0000	0.0000	0.0000	1	0.0000	0.0000	-0.2484	2.5531	0.0000	0.0000	0	0	2	0.397152
6	23	10	183	25	6.2832	3.1416	0.0100	0.0628	0	6.4105	3.4091	0.2506	3.4739	-6.1599	0.0647	1	1	1	1.735445
6	23	11	184	25	6.2832	3.1416	0.0100	0.0628	0	6.1980	2.6618	-0.0061	2.3872	-6.2041	-0.2746	2	-1	1	1.212667
6	23	12	185	25	6.2832	3.1416	0.0100	0.0628	0	6.1302	2.8481	-0.0763	3.2580	-6.2065	0.4099	2	-1	1	1.806722
6	23	12	185	25	0.0000	0.0000	0.0000	0.0000	5	0.0000	0.0000	0.2387	2.5319	0.0000	0.0000	0	0	2	2.034838
6	23	12	185	25	0.0000	0.0000	0.0000	0.0000	10	0.0000	0.0000	-0.1337	4.1617	0.0000	0.0000	0	0	2	2.163314
6	24	1	186	21	5.1749	1.8850	0.0400	0.2513	0	5.1802	2.1111	-1.2148	1.8225	-6.3950	-0.2886	2	-1	1	0.874874
6	24	2	187	21	5.1749	1.8850	0.0400	0.2513	0	5.0779	2.2723	-1.0175	2.0421	-6.0954	-0.2302	2	-1	1	1.104533
6	24	3	188	21	5.1749	1.8850	0.0400	0.2513	0	4.9244	2.7750	-1.2955	2.3364	-6.2199	-0.4386	2	-1	1	1.080597
6	24	3	188	21	0.0000	0.0000	0.0000	0.0000	1	0.0000	0.0000	-1.2802	3.1850	0.0000	0.0000	0	0	2	1.128919
6	24	4	189	21	5.1749	1.8850	0.0400	0.2513	0	5.0718	1.0159	-1.1881	1.8572	-6.2599	0.8413	2	-1	1	0.890216
6	24	5	190	21	5.1749	1.8850	0.0400	0.2513	0	5.1770	2.4289	-1.0049	2.1102	-6.1819	-0.3187	2	1	0	1.089565
6	24	6	191	21	5.1749	1.8850	0.0400	0.2513	0	5.0521	1.8604	-1.1760	1.2337	-6.2281	-0.6267	1	-1	0	1.340084
6	24	6	191	21	0.0000	0.0000	0.0000	0.0000	5	0.0000	0.0000	-0.6350	2.5843	0.0000	0.0000	0	0	2	0.546547
6	24	7	192	21	5.1749	1.8850	0.0400	0.2513	0	5.4623	1.7966	-0.4835	2.1355	-5.9458	0.3390	1	1	1	0.953743
6	24	8	193	21	5.1749	1.8850	0.0400	0.2513	0	5.0475	2.3621	-0.9985	1.9277	-6.0460	-0.4344	1	1	1	1.279390
6	24	9	194	21	5.1749	1.8850	0.0400	0.2513	0	5.3715	2.5919	-0.7100	2.2622	-6.0815	-0.3297	1	1	1	1.244704
6	24	9	194	21	0.0000	0.0000	0.0000	0.0000	1	0.0000	0.0000	-0.9340	3.0325	0.0000	0.0000	0	0	2	1.331262
6	24	9	194	21	0.0000	0.0000	0.0000	0.0000	10	0.0000	0.0000	-1.4353	1.1346	0.0000	0.0000	0	0	2	0.567769
6	25	1	195	16	3.9270	5.6549	0.0600	0.3770	0	3.9715	5.4411	-2.4174	5.4871	-6.3889	0.0460	2	1	0	1.161158
6	25	2	196	16	3.9270	5.6549	0.0600	0.3770	0	4.3181	5.5150	-2.1844	4.9824	-6.5025	-0.5326	2	-1	1	0.840520
6	25	3	197	16	3.9270	5.6549	0.0600	0.3770	0	3.9471	5.4008	-2.1997	5.3983	-6.1468	-0.0025	1	-1	0	1.422317
6	25	3	197	16	0.0000	0.0000	0.0000	0.0000	1	0.0000	0.0000	-2.2746	4.7493	0.0000	0.0000	0	0	2	0.874732
6	25	4	198	16	3.9270	5.6549	0.0600	0.3770	0	3.5828	6.0311	-2.7135	5.4163	-6.2963	-0.6147	1	1	1	1.338694
6	25	5	199	16	3.9270	5.6549	0.0600	0.3770	0	4.5581	5.7603	-1.8509	6.0466	-6.4090	0.2863	2	1	0	1.474358
6	25	6	200	16	3.9270	5.6549	0.0600	0.3770	0	4.3785	4.3139	-1.9029	5.1275	-6.2814	0.8135	1	-1	0	1.323259
6	25	6	200	16	0.0000	0.0000	0.0000	0.0000	5	0.0000	0.0000	-2.0879	4.8877	0.0000	0.0000	0	0	2	0.762567
6	25	6	200	16	0.0000	0.0000	0.0000	0.0000	10	0.0000	0.0000	-2.3547	3.3811	0.0000	0.0000	0	0	2	0.119991
