8	1	1	1	1	0.0000	0.0000	0.0100	0.0628	0	0.1945	-0.0913	2.4490	0.4591	2.2544	0.5504	1	-1	0	6.497436
8	1	2	2	1	0.0000	0.0000	0.0100	0.0628	0	0.0400	-0.0560	-1.7976	0.7021	-1.8376	0.7581	1	1	1	4.199229
8	1	3	3	1	0.0000	0.0000	0.0100	0.0628	0	-0.1535	-0.2734	-2.7804	0.3616	-2.6269	0.6350	1	1	1	2.807903
8	1	4	4	1	0.0000	0.0000	0.0100	0.0628	0	-0.0252	-0.1492	1.4801	0.0830	1.5054	0.2323	2	1	0	2.994173
8	1	5	5	1	0.0000	0.0000	0.0100	0.0628	0	0.0485	-0.6481	-2.7731	0.8139	-2.8216	1.4620	1	-1	0	3.501133
8	1	6	6	1	0.0000	0.0000	0.0100	0.0628	0	0.0147	0.3161	0.4533	0.3261	0.4386	0.0101	2	1	0	1.760927
8	1	7	7	1	0.0000	0.0000	0.0100	0.0628	0	0.2155	-0.1047	-2.5564	0.7486	-2.7719	0.8533	1	-1	0	2.579782
8	1	8	8	1	0.0000	0.0000	0.0100	0.0628	0	-0.0209	0.2363	-0.3070	0.3234	-0.2861	0.0870	1	-1	0	2.050575
8	1	9	9	1	0.0000	0.0000	0.0100	0.0628	0	0.0093	0.0684	2.8198	0.0713	2.8105	0.0029	1	1	1	1.968267
8	1	10	10	1	0.0000	0.0000	0.0100	0.0628	0	-0.0849	0.2488	0.1194	0.1893	0.2043	-0.0595	2	-1	1	1.483403
8	1	11	11	1	0.0000	0.0000	0.0100	0.0628	0	0.0343	-0.3508	-2.9780	0.7848	-3.0124	1.1357	1	-1	0	2.156787
8	1	12	12	1	0.0000	0.0000	0.0100	0.0628	0	0.0915	0.3717	0.0565	0.3991	-0.0350	0.0274	2	1	0	1.471653
8	1	13	13	1	0.0000	0.0000	0.0100	0.0628	0	-0.0070	-0.3425	-3.0125	0.9931	-3.0055	1.3356	2	1	0	1.617579
8	1	14	14	1	0.0000	0.0000	0.0100	0.0628	0	0.1469	-0.1434	-0.0345	0.6544	-0.1813	0.7978	2	-1	1	1.721416
8	1	15	15	1	0.0000	0.0000	0.0100	0.0628	0	0.1288	-0.1044	-0.6636	0.5249	-0.7924	0.6293	2	-1	1	2.300600
8	1	16	16	1	0.0000	0.0000	0.0100	0.0628	0	-0.1627	0.1460	-2.8198	0.3091	-2.6571	0.1631	2	1	0	1.171871
8	1	17	17	1	0.0000	0.0000	0.0100	0.0628	0	-0.1512	-0.3601	3.0273	0.4616	3.1786	0.8217	1	1	1	1.742635
8	1	18	18	1	0.0000	0.0000	0.0100	0.0628	0	-0.0429	-0.1884	2.9442	0.1150	2.9871	0.3034	2	1	0	2.087976
8	1	19	19	1	0.0000	0.0000	0.0100	0.0628	0	0.0029	-0.0267	1.3171	0.2097	1.3143	0.2364	1	1	1	2.261579
8	1	20	20	1	0.0000	0.0000	0.0100	0.0628	0	-0.0034	0.3293	0.2268	0.3009	0.2302	-0.0284	2	-1	1	1.293420
8	1	20	20	1	0.0000	0.0000	0.0000	0.0000	10	0.0000	0.0000	-0.4461	0.1917	0.0000	0.0000	0	0	2	9.945223
8	2	1	21	15	3.6041	3.1416	0.0400	0.2513	0	3.2266	3.6510	-2.9935	4.1274	-6.2201	0.4764	2	-1	1	1.557385
8	2	2	22	15	3.6041	3.1416	0.0400	0.2513	0	3.5081	2.5555	-2.8248	2.8719	-6.3329	0.3164	1	-1	0	2.273222
8	2	3	23	15	3.6041	3.1416	0.0400	0.2513	0	3.4687	3.8321	-2.5360	4.6359	-6.0047	0.8037	1	1	1	1.631834
8	2	3	23	15	0.0000	0.0000	0.0000	0.0000	1	0.0000	0.0000	-2.7074	3.3064	0.0000	0.0000	0	0	2	5.312316
8	2	3	23	15	0.0000	0.0000	0.0000	0.0000	10	0.0000	0.0000	-3.1165	1.4965	0.0000	0.0000	0	0	2	10.758557
8	3	1	24	2	0.1396	5.6549	0.0400	0.2513	0	0.3493	4.7123	0.4563	4.1456	0.1070	-0.5667	1	-1	0	3.492864
8	3	2	25	2	0.1396	5.6549	0.0400	0.2513	0	0.2213	5.7034	0.1781	5.0492	-0.0432	-0.6542	1	1	1	1.892496
8	3	3	26	2	0.1396	5.6549	0.0400	0.2513	0	0.0158	5.9908	0.0310	6.0548	0.0152	0.0640	2	-1	1	1.325093
8	3	3	26	2	0.0000	0.0000	0.0000	0.0000	1	0.0000	0.0000	0.2523	5.2095	0.0000	0.0000	0	0	2	2.919041
8	3	4	27	2	0.1396	5.6549	0.0400	0.2513	0	0.0330	5.9477	0.0091	5.7665	-0.0239	-0.1812	2	-1	1	1.685250
8	3	5	28	2	0.1396	5.6549	0.0400	0.2513	0	0.1154	5.9698	0.0218	5.8578	-0.0936	-0.1120	2	-1	1	1.139010
8	3	6	29	2	0.1396	5.6549	0.0400	0.2513	0	0.2665	4.5720	0.2797	5.3110	0.0132	0.7390	1	-1	0	1.052643
8	3	6	29	2	0.0000	0.0000	0.0000	0.0000	5	0.0000	0.0000	0.3047	5.5876	0.0000	0.0000	0	0	2	4.922235
8	3	7	30	2	0.1396	5.6549	0.0400	0.2513	0	0.1215	5.2711	0.0473	5.8781	-0.0742	0.6070	2	-1	1	1.983816
8	3	8	31	2	0.1396	5.6549	0.0400	0.2513	0	0.0564	5.6985	0.0496	5.9088	-0.0067	0.2103	1	-1	0	1.414889
8	3	9	32	2	0.1396	5.6549	0.0400	0.2513	0	0.0891	5.7771	-0.0139	5.9322	-0.1030	0.1551	2	1	0	1.533089
8	3	9	32	2	0.0000	0.0000	0.0000	0.0000	1	0.0000	0.0000	0.1197	5.8532	0.0000	0.0000	0	0	2	3.026954
8	3	10	33	2	0.1396	5.6549	0.0400	0.2513	0	0.1275	6.2628	0.1075	6.2383	-0.0200	-0.0245	2	-1	1	1.148532
8	3	11	34	2	0.1396	5.6549	0.0400	0.2513	0	0.0279	5.2740	-0.0450	6.1785	-0.0729	0.9045	2	-1	1	1.703288
8	3	12	35	2	0.1396	5.6549	0.0400	0.2513	0	0.1558	5.6310	0.2416	5.9387	0.0858	0.3077	2	-1	1	1.200482
8	3	12	35	2	0.0000	0.0000	0.0000	0.0000	5	0.0000	0.0000	0.1389	5.7009	0.0000	0.0000	0	0	2	12.399429
8	3	12	35	2	0.0000	0.0000	0.0000	0.0000	10	0.0000	0.0000	0.1302	5.6183	0.0000	0.0000	0	0	2	3.791779
8	4	1	36	4	0.0000	0.0000	0.0100	0.0628	0	-0.0121	-0.0444	-3.0716	2.9015	-3.0595	2.9459	2	-1	1	1.767836
8	4	2	37	4	0.0000	0.0000	0.0100	0.0628	0	0.1309	-0.0196	0.7604	0.4254	0.6295	0.4450	2	-1	1	1.026033
8	4	3	38	4	0.0000	0.0000	0.0100	0.0628	0	-0.0864	0.1303	1.4801	0.0830	1.5665	-0.0473	1	-1	0	2.332809
8	4	3	38	4	0.0000	0.0000	0.0000	0.0000	1	0.0000	0.0000	-1.0675	0.7638	0.0000	0.0000	0	0	2	4.239950
8	4	3	38	4	0.0000	0.0000	0.0000	0.0000	10	0.0000	0.0000	-0.6168	0.5069	0.0000	0.0000	0	0	2	2.536855
8	5	1	39	13	3.1416	4.3982	0.0400	0.2513	0	2.8831	4.4761	2.8999	4.9322	0.0169	0.4561	1	-1	0	1.075848
8	5	2	40	13	3.1416	4.3982	0.0400	0.2513	0	3.0483	3.4853	-3.1189	4.3089	-6.1672	0.8235	1	-1	0	1.859492
8	5	3	41	13	3.1416	4.3982	0.0400	0.2513	0	2.9443	3.8602	2.9442	4.1784	-0.0001	0.3182	1	1	1	1.220466
8	5	3	41	13	0.0000	0.0000	0.0000	0.0000	1	0.0000	0.0000	2.8588	3.9066	0.0000	0.0000	0	0	2	1.939524
8	5	4	42	13	3.1416	4.3982	0.0400	0.2513	0	3.2166	3.4908	-3.1287	4.0826	-6.3453	0.5917	1	-1	0	1.056910
8	5	5	43	13	3.1416	4.3982	0.0400	0.2513	0	3.0341	4.6906	2.9967	4.9460	-0.0374	0.2554	2	-1	1	1.453249
8	5	6	44	13	3.1416	4.3982	0.0400	0.2513	0	3.0555	4.1871	3.0699	4.7258	0.0144	0.5388	2	-1	1	1.632099
8	5	6	44	13	0.0000	0.0000	0.0000	0.0000	5	0.0000	0.0000	3.0979	4.6430	0.0000	0.0000	0	0	2	1.073469
8	5	6	44	13	0.0000	0.0000	0.0000	0.0000	10	0.0000	0.0000	3.0821	3.6677	0.0000	0.0000	0	0	2	1.566460
8	6	1	45	23	0.0000	0.0000	0.0100	0.0628	0	-0.1194	0.0464	2.1335	0.5778	2.2529	0.5313	1	1	1	1.852116
8	6	2	46	23	0.0000	0.0000	0.0100	0.0628	0	0.2176	0.2147	-0.3971	0.2527	-0.6146	0.0380	2	-1	1	1.218951
8	6	3	47	23	0.0000	0.0000	0.0100	0.0628	0	0.1258	0.2260	1.6866	0.3254	1.5608	0.0994	2	-1	1	1.036653
8	6	3	47	23	0.0000	0.0000	0.0000	0.0000	1	0.0000	0.0000	1.4243	0.4636	0.0000	0.0000	0	0	2	0.718781
8	6	4	48	23	0.0000	0.0000	0.0100	0.0628	0	0.0972	0.2955	2.9148	0.3009	2.8176	0.0054	1	1	1	1.546320
8	6	5	49	23	0.0000	0.0000	0.0100	0.0628	0	0.0746	0.0445	2.6345	0.0774	2.5599	0.0329	1	-1	0	1.204653
8	6	6	50	23	0.0000	0.0000	0.0100	0.0628	0	-0.0547	-0.1552	2.8653	0.5236	2.9200	0.6787	1	1	1	1.248162
8	6	6	50	23	0.0000	0.0000	0.0000	0.0000	5	0.0000	0.0000	2.8198	0.4517	0.0000	0.0000	0	0	2	0.261312
8	6	6	50	23	0.0000	0.0000	0.0000	0.0000	10	0.0000	0.0000	2.1635	0.4441	0.0000	0.0000	0	0	2	1.532835
8	7	1	51	18	4.5728	4.3982	0.0100	0.0628	0	4.6560	4.4514	-1.5751	5.2551	-6.2311	0.8037	2	-1	1	1.368091
8	7	2	52	18	4.5728	4.3982	0.0100	0.0628	0	4.5183	4.8730	-1.7879	4.6423	-6.3062	-0.2307	2	-1	1	1.103345
8	7	3	53	18	4.5728	4.3982	0.0100	0.0628	0	4.5927	4.4191	-1.7149	4.7631	-6.3076	0.3440	2	-1	1	1.509425
8	7	3	53	18	0.0000	0.0000	0.0000	0.0000	1	0.0000	0.0000	-1.6747	3.6962	0.0000	0.0000	0	0	2	0.835508
8	7	4	54	18	4.5728	4.3982	0.0100	0.0628	0	4.5225	4.3068	-1.8904	4.5218	-6.4129	0.2150	1	-1	0	0.887063
8	7	5	55	18	4.5728	4.3982	0.0100	0.0628	0	4.5186	3.8324	-1.8117	4.0643	-6.3304	0.2319	1	-1	0	1.086823
8	7	6	56	18	4.5728	4.3982	0.0100	0.0628	0	4.4820	4.9093	-1.8338	4.9439	-6.3158	0.0346	1	-1	0	1.750842
8	7	6	56	18	0.0000	0.0000	0.0000	0.0000	5	0.0000	0.0000	-1.7220	4.3423	0.0000	0.0000	0	0	2	1.132244
8	7	7	57	18	4.5728	4.3982	0.0100	0.0628	0	4.4218	4.4778	-1.8758	4.5319	-6.2975	0.0541	2	1	0	0.895359
8	7	8	58	18	4.5728	4.3982	0.0100	0.0628	0	4.5192	4.7421	-1.7588	5.0279	-6.2780	0.2858	2	-1	1	1.068909
8	7	9	59	18	4.5728	4.3982	0.0100	0.0628	0	4.5337	4.5541	-1.8219	5.0526	-6.3556	0.4985	1	1	1	0.853683
8	7	9	59	18	0.0000	0.0000	0.0000	0.0000	1	0.0000	0.0000	-1.7876	4.7189	0.0000	0.0000	0	0	2	1.317728
8	7	9	59	18	0.0000	0.0000	0.0000	0.0000	10	0.0000	0.0000	-1.8281	3.3972	0.0000	0.0000	0	0	2	2.805557
8	8	1	60	7	1.5708	5.6549	0.0600	0.3770	0	1.5754	5.3417	1.6108	5.8310	0.0354	0.4893	2	1	0	1.016156
8	8	2	61	7	1.5708	5.6549	0.0600	0.3770	0	1.9643	5.8679	1.9680	5.9270	0.0038	0.0591	1	-1	0	1.369621
8	8	3	62	7	1.5708	5.6549	0.0600	0.3770	0	1.5641	6.2616	1.5452	6.1592	-0.0189	-0.1024	1	1	1	0.830631
8	8	3	62	7	0.0000	0.0000	0.0000	0.0000	1	0.0000	0.0000	1.5694	5.5407	0.0000	0.0000	0	0	2	1.303275
8	8	4	63	7	1.5708	5.6549	0.0600	0.3770	0	1.6680	4.8140	1.7906	5.1380	0.1225	0.3241	2	-1	1	1.315778
8	8	5	64	7	1.5708	5.6549	0.0600	0.3770	0	1.6914	5.4623	1.8121	5.4428	0.1207	-0.0195	1	1	1	1.228872
8	8	6	65	7	1.5708	5.6549	0.0600	0.3770	0	1.7214	4.5632	1.7989	5.0861	0.0775	0.5229	2	1	0	1.169919
8	8	6	65	7	0.0000	0.0000	0.0000	0.0000	5	0.0000	0.0000	1.8361	4.3861	0.0000	0.0000	0	0	2	1.424964
8	8	7	66	7	1.5708	5.6549	0.0600	0.3770	0	1.5829	5.6213	1.5008	5.9160	-0.0821	0.2947	1	-1	0	0.827954
8	8	8	67	7	1.5708	5.6549	0.0600	0.3770	0	1.9000	6.1702	1.8185	6.1028	-0.0815	-0.0674	2	-1	1	0.782628
8	8	9	68	7	1.5708	5.6549	0.0600	0.3770	0	1.5877	5.8194	1.4971	6.0232	-0.0906	0.2038	1	1	1	1.024591
8	8	9	68	7	0.0000	0.0000	0.0000	0.0000	1	0.0000	0.0000	1.6830	6.2416	0.0000	0.0000	0	0	2	1.598514
8	8	9	68	7	0.0000	0.0000	0.0000	0.0000	10	0.0000	0.0000	1.7132	4.2910	0.0000	0.0000	0	0	2	1.936317
8	9	1	69	17	4.2499	1.8850	0.0400	0.2513	0	4.5189	1.6654	-2.0251	1.7988	-6.5440	0.1334	1	-1	0	1.606072
8	9	2	70	17	4.2499	1.8850	0.0400	0.2513	0	4.6263	1.6714	-1.9614	1.5204	-6.5877	-0.1510	1	-1	0	1.059654
8	9	3	71	17	4.2499	1.8850	0.0400	0.2513	0	4.3121	1.9803	-2.2406	2.1193	-6.5526	0.1390	1	1	1	1.339840
8	9	3	71	17	0.0000	0.0000	0.0000	0.0000	1	0.0000	0.0000	-2.6808	1.1667	0.0000	0.0000	0	0	2	0.898209
8	9	4	72	17	4.2499	1.8850	0.0400	0.2513	0	4.2455	2.3960	-1.9852	3.7533	-6.2306	1.3573	1	-1	0	0.875504
8	9	5	73	17	4.2499	1.8850	0.0400	0.2513	0	4.3349	1.6138	-1.8611	1.8125	-6.1960	0.1987	2	-1	1	1.090455
8	9	6	74	17	4.2499	1.8850	0.0400	0.2513	0	4.3674	2.0832	-2.2849	2.8353	-6.6523	0.7520	2	1	0	1.339324
8	9	6	74	17	0.0000	0.0000	0.0000	0.0000	5	0.0000	0.0000	-2.2823	2.0149	0.0000	0.0000	0	0	2	1.374261
8	9	7	75	17	4.2499	1.8850	0.0400	0.2513	0	4.2385	2.2960	-2.0334	3.1839	-6.2719	0.8879	1	-1	0	1.046019
8	9	8	76	17	4.2499	1.8850	0.0400	0.2513	0	3.6700	2.2567	-2.5529	3.0463	-6.2229	0.7897	1	1	1	1.121090
8	9	9	77	17	4.2499	1.8850	0.0400	0.2513	0	3.8004	1.6884	-2.4941	2.6298	-6.2945	0.9414	2	-1	1	0.931080
8	9	9	77	17	0.0000	0.0000	0.0000	0.0000	1	0.0000	0.0000	-2.7882	2.1074	0.0000	0.0000	0	0	2	0.578936
8	9	10	78	17	4.2499	1.8850	0.0400	0.2513	0	4.3311	2.1141	-1.6110	2.8064	-5.9421	0.6924	2	-1	1	0.891480
8	9	11	79	17	4.2499	1.8850	0.0400	0.2513	0	4.1315	2.1027	-2.5580	2.3875	-6.6894	0.2848	2	1	0	1.203043
8	9	12	80	17	4.2499	1.8850	0.0400	0.2513	0	4.5677	1.6475	-1.5387	2.5800	-6.1065	0.9324	1	1	1	1.137239
8	9	12	80	17	0.0000	0.0000	0.0000	0.0000	5	0.0000	0.0000	-2.0036	1.4161	0.0000	0.0000	0	0	2	0.758547
8	9	12	80	17	0.0000	0.0000	0.0000	0.0000	10	0.0000	0.0000	2.5088	0.4195	0.0000	0.0000	0	0	2	0.723194
8	10	1	81	5	1.1083	3.1416	0.0100	0.0628	0	0.9934	3.3238	1.0103	3.7191	0.0169	0.3953	2	-1	1	1.060465
8	10	2	82	5	1.1083	3.1416	0.0100	0.0628	0	1.2127	2.9982	1.2387	3.2049	0.0260	0.2066	1	1	1	1.666350
8	10	3	83	5	1.1083	3.1416	0.0100	0.0628	0	1.0420	3.0218	0.9599	2.8177	-0.0822	-0.2041	2	1	0	0.972819
8	10	3	83	5	0.0000	0.0000	0.0000	0.0000	1	0.0000	0.0000	1.3268	1.8361	0.0000	0.0000	0	0	2	0.372075
8	10	4	84	5	1.1083	3.1416	0.0100	0.0628	0	1.1225	3.0206	1.1409	3.0848	0.0184	0.0642	1	1	1	0.848580
8	10	5	85	5	1.1083	3.1416	0.0100	0.0628	0	1.1876	3.1096	1.2419	3.3284	0.0543	0.2188	2	1	0	1.069476
8	10	6	86	5	1.1083	3.1416	0.0100	0.0628	0	1.0954	3.2429	1.0338	2.9835	-0.0615	-0.2594	1	-1	0	0.795309
8	10	6	86	5	0.0000	0.0000	0.0000	0.0000	5	0.0000	0.0000	1.1016	1.8122	0.0000	0.0000	0	0	2	0.376396
8	10	7	87	5	1.1083	3.1416	0.0100	0.0628	0	1.1512	3.5468	1.2911	3.7310	0.1399	0.1842	2	1	0	1.266258
8	10	8	88	5	1.1083	3.1416	0.0100	0.0628	0	1.0888	3.1154	1.1062	3.4731	0.0174	0.3577	2	-1	1	1.109415
8	10	9	89	5	1.1083	3.1416	0.0100	0.0628	0	1.0314	3.3162	0.9915	3.1173	-0.0399	-0.1989	1	1	1	0.675149
8	10	9	89	5	0.0000	0.0000	0.0000	0.0000	1	0.0000	0.0000	1.0487	2.2464	0.0000	0.0000	0	0	2	0.987863
8	10	9	89	5	0.0000	0.0000	0.0000	0.0000	10	0.0000	0.0000	1.2225	1.2557	0.0000	0.0000	0	0	2	0.998632
8	11	1	90	25	6.2832	3.1416	0.0100	0.0628	0	6.2833	2.6595	-0.1052	3.6513	-6.3885	0.9918	2	1	0	1.022805
8	11	2	91	25	6.2832	3.1416	0.0100	0.0628	0	6.3513	2.9949	0.1060	3.1980	-6.2453	0.2031	1	1	1	1.032961
8	11	3	92	25	6.2832	3.1416	0.0100	0.0628	0	6.2231	3.6341	-0.0946	3.4209	-6.3178	-0.2132	1	1	1	1.028866
8	11	3	92	25	0.0000	0.0000	0.0000	0.0000	1	0.0000	0.0000	-0.0580	2.2064	0.0000	0.0000	0	0	2	0.929339
8	11	4	93	25	6.2832	3.1416	0.0100	0.0628	0	6.3513	3.4841	0.1404	4.3506	-6.2109	0.8665	2	-1	1	0.851124
8	11	5	94	25	6.2832	3.1416	0.0100	0.0628	0	6.1965	3.3686	0.0214	3.8726	-6.1751	0.5040	1	1	1	1.020620
8	11	6	95	25	6.2832	3.1416	0.0100	0.0628	0	6.1833	3.0416	-0.0855	3.4332	-6.2688	0.3916	1	1	1	1.464545
8	11	6	95	25	0.0000	0.0000	0.0000	0.0000	5	0.0000	0.0000	-0.1107	2.6550	0.0000	0.0000	0	0	2	0.819654
8	11	7	96	25	6.2832	3.1416	0.0100	0.0628	0	6.3517	2.8543	0.0797	3.1148	-6.2720	0.2605	1	-1	0	0.932687
8	11	8	97	25	6.2832	3.1416	0.0100	0.0628	0	6.4064	2.9485	0.1739	3.5188	-6.2325	0.5703	1	1	1	0.778602
8	11	9	98	25	6.2832	3.1416	0.0100	0.0628	0	6.2830	3.4881	-0.1166	3.9436	-6.3995	0.4554	1	1	1	0.734843
8	11	9	98	25	0.0000	0.0000	0.0000	0.0000	1	0.0000	0.0000	0.0039	1.9472	0.0000	0.0000	0	0	2	0.552814
8	11	10	99	25	6.2832	3.1416	0.0100	0.0628	0	6.3404	3.4025	0.0805	4.0201	-6.2599	0.6176	1	1	1	0.893445
8	11	11	100	25	6.2832	3.1416	0.0100	0.0628	0	6.3437	2.7490	-0.0253	3.2713	-6.3689	0.5223	1	-1	0	1.311368
8	11	12	101	25	6.2832	3.1416	0.0100	0.0628	0	6.0004	3.1880	-0.3919	3.7989	-6.3923	0.6109	2	1	0	0.864272
8	11	12	101	25	0.0000	0.0000	0.0000	0.0000	5	0.0000	0.0000	-0.2746	2.5228	0.0000	0.0000	0	0	2	0.701858
8	11	12	101	25	0.0000	0.0000	0.0000	0.0000	10	0.0000	0.0000	0.0971	1.4729	0.0000	0.0000	0	0	2	0.498248
8	12	1	102	3	0.4625	4.3982	0.0600	0.3770	0	0.8427	3.9744	0.9399	4.4224	0.0972	0.4479	2	1	0	0.786246
8	12	2	103	3	0.4625	4.3982	0.0600	0.3770	0	0.4444	4.6403	0.7518	4.4360	0.3075	-0.2043	2	-1	1	0.856140
8	12	3	104	3	0.4625	4.3982	0.0600	0.3770	0	0.1607	5.3468	0.5431	4.8736	0.3824	-0.4732	2	-1	1	1.296963
8	12	3	104	3	0.0000	0.0000	0.0000	0.0000	1	0.0000	0.0000	0.7304	4.4509	0.0000	0.0000	0	0	2	1.301088
8	12	4	105	3	0.4625	4.3982	0.0600	0.3770	0	0.6684	4.9909	0.7457	5.3521	0.0772	0.3611	1	1	1	1.079852
8	12	5	106	3	0.4625	4.3982	0.0600	0.3770	0	0.2122	5.1683	0.3599	5.2293	0.1478	0.0609	2	-1	1	1.215233
8	12	6	107	3	0.4625	4.3982	0.0600	0.3770	0	0.2898	5.3364	0.4478	5.2960	0.1580	-0.0404	1	1	1	1.198361
8	12	6	107	3	0.0000	0.0000	0.0000	0.0000	5	0.0000	0.0000	0.2209	5.3859	0.0000	0.0000	0	0	2	2.193853
8	12	7	108	3	0.4625	4.3982	0.0600	0.3770	0	0.3706	4.6579	0.5537	4.6754	0.1831	0.0175	1	1	1	1.154064
8	12	8	109	3	0.4625	4.3982	0.0600	0.3770	0	0.4302	4.3305	0.3959	4.6200	-0.0343	0.2895	1	1	1	0.915317
8	12	9	110	3	0.4625	4.3982	0.0600	0.3770	0	1.1855	5.2548	1.0442	5.4001	-0.1413	0.1453	2	-1	1	0.692221
8	12	9	110	3	0.0000	0.0000	0.0000	0.0000	1	0.0000	0.0000	1.0666	5.0574	0.0000	0.0000	0	0	2	2.341850
8	12	10	111	3	0.4625	4.3982	0.0600	0.3770	0	0.1265	4.6414	-0.0304	5.1973	-0.1569	0.5558	1	-1	0	0.758398
8	12	11	112	3	0.4625	4.3982	0.0600	0.3770	0	0.0752	4.1939	0.1219	4.8853	0.0467	0.6914	1	1	1	1.258059
8	12	12	113	3	0.4625	4.3982	0.0600	0.3770	0	0.6077	5.1113	0.6925	5.4992	0.0848	0.3879	1	1	1	0.951778
8	12	12	113	3	0.0000	0.0000	0.0000	0.0000	5	0.0000	0.0000	0.4226	5.0037	0.0000	0.0000	0	0	2	2.379503
8	12	12	113	3	0.0000	0.0000	0.0000	0.0000	10	0.0000	0.0000	0.6084	4.5902	0.0000	0.0000	0	0	2	3.418412
8	13	1	114	8	1.7104	4.3982	0.0100	0.0628	0	1.6627	4.5039	1.8032	5.0602	0.1404	0.5563	1	1	1	1.468282
8	13	2	115	8	1.7104	4.3982	0.0100	0.0628	0	1.6324	4.4270	1.7332	4.9747	0.1008	0.5477	2	-1	1	1.082372
8	13	3	116	8	1.7104	4.3982	0.0100	0.0628	0	1.5775	4.5209	1.6319	4.5568	0.0544	0.0359	1	1	1	1.151574
8	13	3	116	8	0.0000	0.0000	0.0000	0.0000	1	0.0000	0.0000	1.5327	3.7542	0.0000	0.0000	0	0	2	0.645364
8	13	3	116	8	0.0000	0.0000	0.0000	0.0000	10	0.0000	0.0000	1.5471	3.4968	0.0000	0.0000	0	0	2	1.503389
8	14	1	117	12	3.0020	3.1416	0.0600	0.3770	0	2.6454	2.6237	2.6911	3.3321	0.0457	0.7085	1	1	1	1.045799
8	14	2	118	12	3.0020	3.1416	0.0600	0.3770	0	3.1212	3.2803	2.8606	3.4976	-0.2605	0.2173	2	1	0	1.751111
8	14	3	119	12	3.0020	3.1416	0.0600	0.3770	0	2.9462	2.6415	2.9821	3.2666	0.0360	0.6251	1	-1	0	1.047128
8	14	3	119	12	0.0000	0.0000	0.0000	0.0000	1	0.0000	0.0000	3.0608	2.8888	0.0000	0.0000	0	0	2	1.163707
8	14	4	120	12	3.0020	3.1416	0.0600	0.3770	0	2.6867	2.7423	2.6289	4.1841	-0.0578	1.4418	2	-1	1	1.218499
8	14	5	121	12	3.0020	3.1416	0.0600	0.3770	0	3.0224	3.3208	3.1072	4.1599	0.0849	0.8391	1	1	1	1.695764
8	14	6	122	12	3.0020	3.1416	0.0600	0.3770	0	3.4453	2.7323	-2.9894	3.5215	-6.4347	0.7891	1	-1	0	1.759845
8	14	6	122	12	0.0000	0.0000	0.0000	0.0000	5	0.0000	0.0000	-2.9666	2.8935	0.0000	0.0000	0	0	2	0.628879
8	14	7	123	12	3.0020	3.1416	0.0600	0.3770	0	3.7861	3.1004	-2.6587	3.6755	-6.4448	0.5750	1	1	1	0.678148
8	14	8	124	12	3.0020	3.1416	0.0600	0.3770	0	3.1950	4.0771	-3.1116	4.2646	-6.3066	0.1874	2	-1	1	1.010720
8	14	9	125	12	3.0020	3.1416	0.0600	0.3770	0	3.0393	3.0462	-3.0544	3.5393	-6.0937	0.4931	2	-1	1	1.196235
8	14	9	125	12	0.0000	0.0000	0.0000	0.0000	1	0.0000	0.0000	-2.9462	2.9812	0.0000	0.0000	0	0	2	0.802733
8	14	10	126	12	3.0020	3.1416	0.0600	0.3770	0	3.6153	3.6755	-2.7304	4.0434	-6.3457	0.3679	1	1	1	1.137055
8	14	11	127	12	3.0020	3.1416	0.0600	0.3770	0	2.7776	3.2779	2.9852	4.6807	0.2076	1.4028	1	-1	0	1.447605
8	14	12	128	12	3.0020	3.1416	0.0600	0.3770	0	2.9635	3.7713	3.0734	4.3027	0.1099	0.5314	2	1	0	1.225843
8	14	12	128	12	0.0000	0.0000	0.0000	0.0000	5	0.0000	0.0000	-3.0600	4.3372	0.0000	0.0000	0	0	2	1.137312
8	14	12	128	12	0.0000	0.0000	0.0000	0.0000	10	0.0000	0.0000	-2.8703	3.3944	0.0000	0.0000	0	0	2	0.512088
8	15	1	129	21	5.1749	1.8850	0.0400	0.2513	0	5.4611	1.6599	-0.5779	1.4450	-6.0390	-0.2149	2	1	0	1.365074
8	15	2	130	21	5.1749	1.8850	0.0400	0.2513	0	5.2714	1.8720	-1.3358	1.6466	-6.6072	-0.2254	1	1	1	0.843540
8	15	3	131	21	5.1749	1.8850	0.0400	0.2513	0	5.3635	1.7326	-0.7800	1.9776	-6.1435	0.2450	1	-1	0	1.071814
8	15	3	131	21	0.0000	0.0000	0.0000	0.0000	1	0.0000	0.0000	-0.8338	1.7563	0.0000	0.0000	0	0	2	1.181899
8	15	4	132	21	5.1749	1.8850	0.0400	0.2513	0	5.1165	1.7599	-1.0230	1.4002	-6.1395	-0.3597	2	1	0	1.033483
8	15	5	133	21	5.1749	1.8850	0.0400	0.2513	0	5.2176	1.9077	-1.1134	1.6172	-6.3310	-0.2905	2	-1	1	1.263496
8	15	6	134	21	5.1749	1.8850	0.0400	0.2513	0	5.2024	0.8535	-1.8094	0.2863	-7.0118	-0.5672	2	1	0	0.933382
8	15	6	134	21	0.0000	0.0000	0.0000	0.0000	5	0.0000	0.0000	1.0769	0.3330	0.0000	0.0000	0	0	2	2.341313
8	15	7	135	21	5.1749	1.8850	0.0400	0.2513	0	5.1113	1.7463	2.4582	4.4887	-2.6531	2.7425	2	1	0	1.354153
8	15	8	136	21	5.1749	1.8850	0.0400	0.2513	0	5.2441	2.2190	-1.0890	2.7742	-6.3330	0.5552	2	-1	1	0.906336
8	15	9	137	21	5.1749	1.8850	0.0400	0.2513	0	5.4432	1.7608	-0.9176	2.0164	-6.3608	0.2556	1	-1	0	1.193150
8	15	9	137	21	0.0000	0.0000	0.0000	0.0000	1	0.0000	0.0000	-0.7168	1.7051	0.0000	0.0000	0	0	2	0.911761
8	15	9	137	21	0.0000	0.0000	0.0000	0.0000	10	0.0000	0.0000	-0.0532	1.2723	0.0000	0.0000	0	0	2	0.564179
8	16	1	138	11	2.6791	5.6549	0.0400	0.2513	0	2.8844	5.2722	2.8907	5.2386	0.0063	-0.0336	1	-1	0	1.517352
8	16	2	139	11	2.6791	5.6549	0.0400	0.2513	0	2.8585	5.9928	2.8434	5.8595	-0.0152	-0.1334	1	-1	0	1.310209
8	16	3	140	11	2.6791	5.6549	0.0400	0.2513	0	2.6920	5.6402	2.7564	5.7029	0.0645	0.0627	1	1	1	2.092590
8	16	3	140	11	0.0000	0.0000	0.0000	0.0000	1	0.0000	0.0000	2.7007	5.7608	0.0000	0.0000	0	0	2	1.328758
8	16	3	140	11	0.0000	0.0000	0.0000	0.0000	10	0.0000	0.0000	1.3218	0.4577	0.0000	0.0000	0	0	2	17.137065
8	17	1	141	19	4.7124	1.8850	0.0100	0.0628	0	4.6901	2.2236	-1.6571	2.1808	-6.3471	-0.0428	1	-1	0	1.162776
8	17	2	142	19	4.7124	1.8850	0.0100	0.0628	0	4.7247	2.2293	-1.8327	2.7008	-6.5573	0.4715	1	-1	0	0.944261
8	17	3	143	19	4.7124	1.8850	0.0100	0.0628	0	4.6693	2.1537	-2.0748	1.9146	-6.7442	-0.2391	2	-1	1	0.743567
8	17	3	143	19	0.0000	0.0000	0.0000	0.0000	1	0.0000	0.0000	-2.0204	1.1937	0.0000	0.0000	0	0	2	1.674977
8	17	3	143	19	0.0000	0.0000	0.0000	0.0000	10	0.0000	0.0000	2.4639	0.3957	0.0000	0.0000	0	0	2	0.352984
8	18	1	144	22	5.4978	4.3982	0.0600	0.3770	0	5.7737	4.1773	-0.8203	4.2660	-6.5940	0.0887	1	-1	0	1.032090
8	18	2	145	22	5.4978	4.3982	0.0600	0.3770	0	5.4225	4.1793	-0.8136	3.7758	-6.2361	-0.4035	1	-1	0	0.733603
8	18	3	146	22	5.4978	4.3982	0.0600	0.3770	0	5.6562	4.5061	-0.6835	3.8688	-6.3397	-0.6373	1	1	1	0.994049
8	18	3	146	22	0.0000	0.0000	0.0000	0.0000	1	0.0000	0.0000	-0.6235	3.2318	0.0000	0.0000	0	0	2	0.944072
8	18	4	147	22	5.4978	4.3982	0.0600	0.3770	0	5.5951	4.7939	-0.7356	4.2687	-6.3307	-0.5253	2	1	0	0.999786
8	18	5	148	22	5.4978	4.3982	0.0600	0.3770	0	5.4084	3.9499	-0.8086	4.5836	-6.2170	0.6337	1	1	1	1.009396
8	18	6	149	22	5.4978	4.3982	0.0600	0.3770	0	5.5229	4.9875	-0.7943	4.7527	-6.3172	-0.2348	1	-1	0	0.798421
8	18	6	149	22	0.0000	0.0000	0.0000	0.0000	5	0.0000	0.0000	-0.7366	3.7043	0.0000	0.0000	0	0	2	2.403798
8	18	7	150	22	5.4978	4.3982	0.0600	0.3770	0	5.3453	4.5468	-0.8803	5.2759	-6.2256	0.7291	1	1	1	0.886200
8	18	8	151	22	5.4978	4.3982	0.0600	0.3770	0	5.2682	4.5756	-1.0149	5.0005	-6.2831	0.4250	1	1	1	1.034475
8	18	9	152	22	5.4978	4.3982	0.0600	0.3770	0	5.6164	4.0612	-0.6855	4.0497	-6.3018	-0.0115	1	-1	0	0.496429
8	18	9	152	22	0.0000	0.0000	0.0000	0.0000	1	0.0000	0.0000	-0.7639	2.9670	0.0000	0.0000	0	0	2	1.119915
8	18	10	153	22	5.4978	4.3982	0.0600	0.3770	0	5.5811	3.8064	-0.7120	4.0617	-6.2931	0.2552	1	-1	0	0.855299
8	18	11	154	22	5.4978	4.3982	0.0600	0.3770	0	5.5616	4.7306	-0.7667	4.5406	-6.3282	-0.1900	2	-1	1	0.943958
8	18	12	155	22	5.4978	4.3982	0.0600	0.3770	0	5.8011	4.6007	-0.5262	4.8947	-6.3273	0.2940	2	1	0	1.362916
8	18	12	155	22	0.0000	0.0000	0.0000	0.0000	5	0.0000	0.0000	-0.4020	4.0927	0.0000	0.0000	0	0	2	2.917210
8	18	12	155	22	0.0000	0.0000	0.0000	0.0000	10	0.0000	0.0000	-0.6943	2.3381	0.0000	0.0000	0	0	2	0.624502
8	19	1	156	14	0.0000	0.0000	0.0100	0.0628	0	-0.0932	-0.1616	2.2513	0.6094	2.3445	0.7710	2	1	0	1.375264
8	19	2	157	14	0.0000	0.0000	0.0100	0.0628	0	-0.2964	-0.2133	2.5580	0.4775	2.8544	0.6908	2	-1	1	1.345309
8	19	3	158	14	0.0000	0.0000	0.0100	0.0628	0	0.0151	-0.3969	-3.1160	0.8799	-3.1311	1.2768	1	1	1	0.970601
8	19	3	158	14	0.0000	0.0000	0.0000	0.0000	1	0.0000	0.0000	-3.1063	0.6394	0.0000	0.0000	0	0	2	0.251476
8	19	4	159	14	0.0000	0.0000	0.0100	0.0628	0	-0.0779	0.1399	2.6241	0.5623	2.7020	0.4224	2	-1	1	1.625601
8	19	5	160	14	0.0000	0.0000	0.0100	0.0628	0	0.0948	-0.2873	3.0648	0.6861	2.9700	0.9735	1	-1	0	0.762730
8	19	6	161	14	0.0000	0.0000	0.0100	0.0628	0	-0.0475	-0.4397	2.6929	0.6759	2.7404	1.1155	2	-1	1	0.995552
8	19	6	161	14	0.0000	0.0000	0.0000	0.0000	5	0.0000	0.0000	2.8649	0.6330	0.0000	0.0000	0	0	2	0.093902
8	19	7	162	14	0.0000	0.0000	0.0100	0.0628	0	-0.2319	-0.1188	2.6299	0.6294	2.8617	0.7482	2	1	0	1.267195
8	19	8	163	14	0.0000	0.0000	0.0100	0.0628	0	-0.0352	0.0641	2.8198	0.5468	2.8551	0.4827	2	-1	1	0.931027
8	19	9	164	14	0.0000	0.0000	0.0100	0.0628	0	-0.1101	0.3891	1.6583	0.4302	1.7684	0.0411	2	1	0	0.970208
8	19	9	164	14	0.0000	0.0000	0.0000	0.0000	1	0.0000	0.0000	1.0184	0.6447	0.0000	0.0000	0	0	2	0.272361
8	19	9	164	14	0.0000	0.0000	0.0000	0.0000	10	0.0000	0.0000	1.8727	0.4803	0.0000	0.0000	0	0	2	0.315426
8	20	1	165	9	0.0000	0.0000	0.0100	0.0628	0	-0.1951	-0.0752	2.8109	0.5326	3.0060	0.6078	1	1	1	0.927481
8	20	2	166	9	0.0000	0.0000	0.0100	0.0628	0	-0.0335	-0.0991	2.3324	0.4467	2.3659	0.5458	2	-1	1	1.078648
8	20	3	167	9	0.0000	0.0000	0.0100	0.0628	0	-0.1265	0.1131	2.1160	0.5364	2.2425	0.4233	1	1	1	2.595177
8	20	3	167	9	0.0000	0.0000	0.0000	0.0000	1	0.0000	0.0000	1.8662	0.5422	0.0000	0.0000	0	0	2	0.828269
8	20	4	168	9	0.0000	0.0000	0.0100	0.0628	0	-0.0207	-0.2881	2.6621	0.6355	2.6828	0.9236	1	-1	0	0.847400
8	20	5	169	9	0.0000	0.0000	0.0100	0.0628	0	-0.1410	-0.2784	2.4338	0.9598	2.5748	1.2382	2	-1	1	1.204469
8	20	6	170	9	0.0000	0.0000	0.0100	0.0628	0	0.1352	-0.3710	3.1283	0.5639	2.9931	0.9349	1	-1	0	1.106000
8	20	6	170	9	0.0000	0.0000	0.0000	0.0000	5	0.0000	0.0000	2.2473	0.6845	0.0000	0.0000	0	0	2	2.422878
8	20	6	170	9	0.0000	0.0000	0.0000	0.0000	10	0.0000	0.0000	1.8520	0.3521	0.0000	0.0000	0	0	2	0.384272
8	21	1	171	16	3.9270	5.6549	0.0600	0.3770	0	3.6185	5.5047	-2.6348	5.5291	-6.2532	0.0244	1	1	1	0.927891
8	21	2	172	16	3.9270	5.6549	0.0600	0.3770	0	4.0566	4.0949	-2.4103	4.1312	-6.4669	0.0363	1	-1	0	1.002627
8	21	3	173	16	3.9270	5.6549	0.0600	0.3770	0	3.7517	6.0703	-2.5138	5.8241	-6.2655	-0.2462	1	-1	0	0.985268
8	21	3	173	16	0.0000	0.0000	0.0000	0.0000	1	0.0000	0.0000	-2.5742	5.1617	0.0000	0.0000	0	0	2	0.424821
8	21	4	174	16	3.9270	5.6549	0.0600	0.3770	0	3.8619	5.1710	-2.4931	5.1408	-6.3551	-0.0302	2	-1	1	1.202131
8	21	5	175	16	3.9270	5.6549	0.0600	0.3770	0	3.7477	5.4952	-2.5502	5.4609	-6.2978	-0.0344	2	-1	1	0.847808
8	21	6	176	16	3.9270	5.6549	0.0600	0.3770	0	3.8005	6.0314	-2.6980	5.8681	-6.4985	-0.1633	2	-1	1	1.442134
8	21	6	176	16	0.0000	0.0000	0.0000	0.0000	5	0.0000	0.0000	-2.6399	5.3934	0.0000	0.0000	0	0	2	1.505697
8	21	6	176	16	0.0000	0.0000	0.0000	0.0000	10	0.0000	0.0000	-2.6966	4.8725	0.0000	0.0000	0	0	2	0.189570
8	22	1	177	20	4.8520	3.1416	0.0400	0.2513	0	5.0593	2.8592	-1.3734	3.0284	-6.4327	0.1692	2	1	0	1.167206
8	22	2	178	20	4.8520	3.1416	0.0400	0.2513	0	4.9603	3.7946	-1.4053	3.8796	-6.3657	0.0850	2	1	0	0.936221
8	22	3	179	20	4.8520	3.1416	0.0400	0.2513	0	5.0767	3.0009	-1.2983	3.3800	-6.3750	0.3791	1	1	1	1.237112
8	22	3	179	20	0.0000	0.0000	0.0000	0.0000	1	0.0000	0.0000	-1.3529	3.0261	0.0000	0.0000	0	0	2	2.580228
8	22	4	180	20	4.8520	3.1416	0.0400	0.2513	0	4.6487	3.5236	-1.8098	3.9695	-6.4585	0.4459	1	-1	0	0.851397
8	22	5	181	20	4.8520	3.1416	0.0400	0.2513	0	4.8041	3.1591	-1.5192	3.0639	-6.3234	-0.0952	2	-1	1	0.856391
8	22	6	182	20	4.8520	3.1416	0.0400	0.2513	0	4.7181	2.9293	-1.6516	3.4469	-6.3697	0.5177	2	1	0	0.980482
8	22	6	182	20	0.0000	0.0000	0.0000	0.0000	5	0.0000	0.0000	-1.6556	3.4631	0.0000	0.0000	0	0	2	0.486801
8	22	6	182	20	0.0000	0.0000	0.0000	0.0000	10	0.0000	0.0000	-1.6799	3.1083	0.0000	0.0000	0	0	2	2.379083
8	23	1	183	24	6.1436	5.6549	0.0100	0.0628	0	6.2424	5.7867	0.2066	5.4613	-6.0358	-0.3254	2	1	0	0.962291
8	23	2	184	24	6.1436	5.6549	0.0100	0.0628	0	6.2262	5.5417	0.0998	5.6591	-6.1264	0.1174	2	-1	1	0.800698
8	23	3	185	24	6.1436	5.6549	0.0100	0.0628	0	6.0884	5.6213	-0.0909	5.7146	-6.1793	0.0933	2	-1	1	1.286347
8	23	3	185	24	0.0000	0.0000	0.0000	0.0000	1	0.0000	0.0000	-0.1084	5.2104	0.0000	0.0000	0	0	2	0.215218
8	23	3	185	24	0.0000	0.0000	0.0000	0.0000	10	0.0000	0.0000	-0.1004	4.8736	0.0000	0.0000	0	0	2	0.301976
8	24	1	186	10	2.3562	1.8850	0.0100	0.0628	0	2.3856	1.8388	2.4067	1.8949	0.0211	0.0561	2	-1	1	1.477878
8	24	2	187	10	2.3562	1.8850	0.0100	0.0628	0	2.3384	2.3076	2.3919	2.0852	0.0535	-0.2224	1	-1	0	1.122869
8	24	3	188	10	2.3562	1.8850	0.0100	0.0628	0	2.4251	1.9686	2.4892	2.8855	0.0641	0.9169	1	-1	0	1.030143
8	24	3	188	10	0.0000	0.0000	0.0000	0.0000	1	0.0000	0.0000	2.4933	1.5562	0.0000	0.0000	0	0	2	0.475288
8	24	4	189	10	2.3562	1.8850	0.0100	0.0628	0	2.0861	2.1316	2.0256	1.8997	-0.0605	-0.2320	2	1	0	0.811261
8	24	5	190	10	2.3562	1.8850	0.0100	0.0628	0	2.3189	1.8716	2.3994	1.9687	0.0805	0.0972	2	1	0	0.749803
8	24	6	191	10	2.3562	1.8850	0.0100	0.0628	0	2.3303	2.2678	2.3464	2.1796	0.0161	-0.0882	1	1	1	1.785117
8	24	6	191	10	0.0000	0.0000	0.0000	0.0000	5	0.0000	0.0000	2.0498	1.0928	0.0000	0.0000	0	0	2	2.048396
8	24	7	192	10	2.3562	1.8850	0.0100	0.0628	0	2.4793	2.0150	2.6380	2.1030	0.1587	0.0880	2	-1	1	0.700805
8	24	8	193	10	2.3562	1.8850	0.0100	0.0628	0	2.3768	1.6275	2.4443	2.6577	0.0675	1.0302	2	1	0	1.215794
8	24	9	194	10	2.3562	1.8850	0.0100	0.0628	0	2.4114	1.8328	2.6907	1.8459	0.2793	0.0132	2	1	0	1.019497
8	24	9	194	10	0.0000	0.0000	0.0000	0.0000	1	0.0000	0.0000	2.4878	0.7293	0.0000	0.0000	0	0	2	0.597364
8	24	9	194	10	0.0000	0.0000	0.0000	0.0000	10	0.0000	0.0000	1.9118	0.2473	0.0000	0.0000	0	0	2	0.290007
8	25	1	195	6	1.4312	1.8850	0.0600	0.3770	0	1.4363	1.3907	1.6526	1.3804	0.2163	-0.0103	2	-1	1	1.092025
8	25	2	196	6	1.4312	1.8850	0.0600	0.3770	0	1.1668	1.1431	1.8144	1.3402	0.6476	0.1971	1	-1	0	0.795509
8	25	3	197	6	1.4312	1.8850	0.0600	0.3770	0	1.4452	2.8356	1.6078	2.2343	0.1626	-0.6013	2	-1	1	1.045220
8	25	3	197	6	0.0000	0.0000	0.0000	0.0000	1	0.0000	0.0000	1.4948	1.4853	0.0000	0.0000	0	0	2	0.536331
8	25	4	198	6	1.4312	1.8850	0.0600	0.3770	0	1.3398	1.7226	1.5055	2.4184	0.1657	0.6958	1	-1	0	1.228334
8	25	5	199	6	1.4312	1.8850	0.0600	0.3770	0	1.1852	2.2806	1.4528	2.4907	0.2676	0.2102	1	-1	0	1.128379
8	25	6	200	6	1.4312	1.8850	0.0600	0.3770	0	1.2632	1.8958	1.1207	2.2293	-0.1425	0.3335	1	1	1	1.533612
8	25	6	200	6	0.0000	0.0000	0.0000	0.0000	5	0.0000	0.0000	1.0374	1.1088	0.0000	0.0000	0	0	2	1.455066
8	25	6	200	6	0.0000	0.0000	0.0000	0.0000	10	0.0000	0.0000	0.4064	1.3504	0.0000	0.0000	0	0	2	0.294483
