2	1	1	1	1	0.0000	0.0000	0.0100	0.0628	0	0.1749	0.2032	-1.8158	0.2709	-1.9907	0.0677	2	-1	1	3.869932
2	1	2	2	1	0.0000	0.0000	0.0100	0.0628	0	0.0133	0.1751	-0.5191	0.0589	-0.5324	-0.1162	1	-1	0	4.898664
2	1	3	3	1	0.0000	0.0000	0.0100	0.0628	0	0.0325	-0.1007	-2.7553	0.4650	-2.7878	0.5656	2	-1	1	3.278472
2	1	4	4	1	0.0000	0.0000	0.0100	0.0628	0	-0.0794	0.3180	-0.4571	0.4962	-0.3777	0.1782	1	-1	0	5.182626
2	1	5	5	1	0.0000	0.0000	0.0100	0.0628	0	0.0315	-0.1964	-0.7403	0.8009	-0.7718	0.9973	1	-1	0	2.168990
2	1	6	6	1	0.0000	0.0000	0.0100	0.0628	0	-0.0527	0.0535	-2.0718	0.3496	-2.0191	0.2961	2	-1	1	3.500848
2	1	7	7	1	0.0000	0.0000	0.0100	0.0628	0	0.0932	0.1975	0.0000	0.6497	-0.0932	0.4522	2	-1	1	2.953215
2	1	8	8	1	0.0000	0.0000	0.0100	0.0628	0	0.1165	0.2248	-1.8647	0.5797	-1.9811	0.3549	1	1	1	3.214435
2	1	9	9	1	0.0000	0.0000	0.0100	0.0628	0	-0.2046	-0.0469	2.5269	0.1519	2.7315	0.1988	1	-1	0	2.294941
2	1	10	10	1	0.0000	0.0000	0.0100	0.0628	0	-0.0644	0.2540	0.4398	0.1372	0.5043	-0.1168	2	1	0	3.761059
2	1	11	11	1	0.0000	0.0000	0.0100	0.0628	0	0.1741	0.0623	0.0000	0.0073	-0.1741	-0.0550	1	1	1	2.319459
2	1	12	12	1	0.0000	0.0000	0.0100	0.0628	0	0.0487	0.0149	2.2143	0.0365	2.1656	0.0216	2	-1	1	1.744037
2	1	13	13	1	0.0000	0.0000	0.0100	0.0628	0	0.1049	0.3451	-1.1501	0.3039	-1.2550	-0.0412	2	-1	1	1.852417
2	1	14	14	1	0.0000	0.0000	0.0100	0.0628	0	0.1489	-0.2715	-1.6421	0.3074	-1.7910	0.5788	2	-1	1	1.959337
2	1	15	15	1	0.0000	0.0000	0.0100	0.0628	0	0.1271	0.2595	-0.4809	0.1894	-0.6079	-0.0702	1	1	1	2.260300
2	1	16	16	1	0.0000	0.0000	0.0100	0.0628	0	-0.1856	0.3974	2.4669	0.1402	2.6525	-0.2572	1	-1	0	1.941057
2	1	17	17	1	0.0000	0.0000	0.0100	0.0628	0	0.2134	0.2295	0.8288	0.1188	0.6154	-0.1107	2	-1	1	1.654457
2	1	18	18	1	0.0000	0.0000	0.0100	0.0628	0	0.1436	-0.1395	-1.6643	0.7039	-1.8079	0.8434	1	1	1	2.219426
2	1	19	19	1	0.0000	0.0000	0.0100	0.0628	0	-0.0917	0.0577	-1.7359	0.5773	-1.6442	0.5195	1	-1	0	1.745208
2	1	20	20	1	0.0000	0.0000	0.0100	0.0628	0	-0.1106	0.1190	2.9489	0.3049	3.0595	0.1859	1	1	1	1.851970
2	1	20	20	1	0.0000	0.0000	0.0000	0.0000	10	0.0000	0.0000	1.3258	0.0301	0.0000	0.0000	0	0	2	2.952710
2	2	1	21	6	1.4312	1.8850	0.0600	0.3770	0	1.1316	2.1810	1.0766	1.7082	-0.0550	-0.4727	2	1	0	2.110273
2	2	2	22	6	1.4312	1.8850	0.0600	0.3770	0	1.8401	2.8172	1.9915	2.7351	0.1514	-0.0821	1	1	1	1.489066
2	2	3	23	6	1.4312	1.8850	0.0600	0.3770	0	1.2692	1.8358	1.4887	2.2267	0.2196	0.3909	2	1	0	1.503500
2	2	3	23	6	0.0000	0.0000	0.0000	0.0000	1	0.0000	0.0000	1.2224	1.6465	0.0000	0.0000	0	0	2	6.903092
2	2	4	24	6	1.4312	1.8850	0.0600	0.3770	0	1.4094	1.6066	-2.6661	0.8293	-4.0755	-0.7773	2	-1	1	1.846083
2	2	5	25	6	1.4312	1.8850	0.0600	0.3770	0	1.5074	1.1937	0.9953	1.4619	-0.5122	0.2682	1	1	1	1.311549
2	2	6	26	6	1.4312	1.8850	0.0600	0.3770	0	1.2157	1.7418	0.8641	1.2479	-0.3516	-0.4939	1	1	1	1.378352
2	2	6	26	6	0.0000	0.0000	0.0000	0.0000	5	0.0000	0.0000	2.4801	4.8013	0.0000	0.0000	0	0	2	5.461901
2	2	6	26	6	0.0000	0.0000	0.0000	0.0000	10	0.0000	0.0000	1.1153	1.6096	0.0000	0.0000	0	0	2	2.831374
2	3	1	27	19	4.7124	1.8850	0.0100	0.0628	0	4.6358	1.9617	1.5458	0.2921	-3.0900	-1.6696	1	1	1	1.949907
2	3	2	28	19	4.7124	1.8850	0.0100	0.0628	0	4.8608	1.4570	-1.4405	1.5167	-6.3013	0.0597	2	-1	1	1.545950
2	3	3	29	19	4.7124	1.8850	0.0100	0.0628	0	4.7393	1.4298	-1.5494	1.0223	-6.2887	-0.4075	1	1	1	1.066255
2	3	3	29	19	0.0000	0.0000	0.0000	0.0000	1	0.0000	0.0000	-2.6888	0.3004	0.0000	0.0000	0	0	2	6.111296
2	3	3	29	19	0.0000	0.0000	0.0000	0.0000	10	0.0000	0.0000	-2.5136	2.7335	0.0000	0.0000	0	0	2	5.093032
2	4	1	30	9	0.0000	0.0000	0.0100	0.0628	0	0.0961	0.2246	-0.2783	0.1594	-0.3744	-0.0652	2	1	0	1.444097
2	4	2	31	9	0.0000	0.0000	0.0100	0.0628	0	0.0747	0.1099	1.2341	0.1547	1.1594	0.0448	1	1	1	3.571048
2	4	3	32	9	0.0000	0.0000	0.0100	0.0628	0	0.0601	0.1133	1.8158	0.1505	1.7557	0.0372	2	1	0	1.031038
2	4	3	32	9	0.0000	0.0000	0.0000	0.0000	1	0.0000	0.0000	1.3258	2.5584	0.0000	0.0000	0	0	2	2.421826
2	4	4	33	9	0.0000	0.0000	0.0100	0.0628	0	0.1688	-0.2956	-2.1618	0.6682	-2.3306	0.9637	1	1	1	1.844348
2	4	5	34	9	0.0000	0.0000	0.0100	0.0628	0	-0.0658	0.1294	-0.7650	0.2530	-0.6992	0.1236	1	1	1	2.225855
2	4	6	35	9	0.0000	0.0000	0.0100	0.0628	0	0.1734	-0.3651	-2.9730	0.3480	-3.1464	0.7131	2	1	0	1.528637
2	4	6	35	9	0.0000	0.0000	0.0000	0.0000	5	0.0000	0.0000	0.6889	0.1608	0.0000	0.0000	0	0	2	1.528867
2	4	6	35	9	0.0000	0.0000	0.0000	0.0000	10	0.0000	0.0000	2.8563	0.5706	0.0000	0.0000	0	0	2	1.456392
2	5	1	36	7	1.5708	5.6549	0.0600	0.3770	0	1.3819	5.7647	1.2923	4.9656	-0.0896	-0.7991	2	1	0	1.170623
2	5	2	37	7	1.5708	5.6549	0.0600	0.3770	0	1.7006	5.6274	1.7014	5.2129	0.0008	-0.4145	2	1	0	1.094110
2	5	3	38	7	1.5708	5.6549	0.0600	0.3770	0	1.2648	5.3020	1.3940	5.3542	0.1292	0.0522	1	1	1	0.953294
2	5	3	38	7	0.0000	0.0000	0.0000	0.0000	1	0.0000	0.0000	1.6701	4.1963	0.0000	0.0000	0	0	2	2.641527
2	5	4	39	7	1.5708	5.6549	0.0600	0.3770	0	1.8007	5.9095	1.8904	5.3211	0.0897	-0.5884	1	-1	0	1.414202
2	5	5	40	7	1.5708	5.6549	0.0600	0.3770	0	1.4721	5.4831	1.4445	5.5044	-0.0276	0.0213	1	1	1	1.221465
2	5	6	41	7	1.5708	5.6549	0.0600	0.3770	0	1.4198	5.0884	1.4703	5.3121	0.0505	0.2237	1	-1	0	1.911964
2	5	6	41	7	0.0000	0.0000	0.0000	0.0000	5	0.0000	0.0000	1.8788	0.1685	0.0000	0.0000	0	0	2	3.683298
2	5	7	42	7	1.5708	5.6549	0.0600	0.3770	0	1.3544	5.1998	1.4950	5.1101	0.1406	-0.0896	1	-1	0	2.011036
2	5	8	43	7	1.5708	5.6549	0.0600	0.3770	0	1.4014	5.9908	1.4148	6.0597	0.0134	0.0690	1	-1	0	1.276300
2	5	9	44	7	1.5708	5.6549	0.0600	0.3770	0	1.6955	5.1953	1.5807	5.1395	-0.1147	-0.0557	2	1	0	1.123478
2	5	9	44	7	0.0000	0.0000	0.0000	0.0000	1	0.0000	0.0000	1.8247	3.9821	0.0000	0.0000	0	0	2	3.281408
2	5	9	44	7	0.0000	0.0000	0.0000	0.0000	10	0.0000	0.0000	1.8598	4.0213	0.0000	0.0000	0	0	2	2.593450
2	6	1	45	21	5.1749	1.8850	0.0400	0.2513	0	5.2133	1.5767	-0.7962	1.4299	-6.0095	-0.1467	1	1	1	1.497168
2	6	2	46	21	5.1749	1.8850	0.0400	0.2513	0	5.4198	1.4967	-0.5665	2.0677	-5.9862	0.5710	1	-1	0	1.562070
2	6	3	47	21	5.1749	1.8850	0.0400	0.2513	0	5.5286	2.0136	-1.2393	2.1308	-6.7679	0.1173	1	-1	0	2.121613
2	6	3	47	21	0.0000	0.0000	0.0000	0.0000	1	0.0000	0.0000	-1.5035	4.4486	0.0000	0.0000	0	0	2	6.522914
2	6	4	48	21	5.1749	1.8850	0.0400	0.2513	0	5.4467	1.4422	-0.8030	2.6382	-6.2497	1.1960	2	1	0	0.970678
2	6	5	49	21	5.1749	1.8850	0.0400	0.2513	0	5.7342	1.7635	-0.8768	2.4311	-6.6110	0.6676	1	1	1	1.428509
2	6	6	50	21	5.1749	1.8850	0.0400	0.2513	0	4.8286	2.3297	-1.3172	2.0663	-6.1458	-0.2634	1	1	1	2.345804
2	6	6	50	21	0.0000	0.0000	0.0000	0.0000	5	0.0000	0.0000	-2.2242	2.9421	0.0000	0.0000	0	0	2	3.542787
2	6	7	51	21	5.1749	1.8850	0.0400	0.2513	0	5.1764	1.5481	-0.9076	2.0751	-6.0840	0.5270	2	-1	1	9.482719
2	6	8	52	21	5.1749	1.8850	0.0400	0.2513	0	4.9669	1.5132	-0.8010	2.3180	-5.7679	0.8048	2	-1	1	1.197572
2	6	9	53	21	5.1749	1.8850	0.0400	0.2513	0	5.0133	2.4358	-1.3194	2.2008	-6.3327	-0.2350	2	1	0	1.267333
2	6	9	53	21	0.0000	0.0000	0.0000	0.0000	1	0.0000	0.0000	2.3634	4.9917	0.0000	0.0000	0	0	2	1.928897
2	6	9	53	21	0.0000	0.0000	0.0000	0.0000	10	0.0000	0.0000	-2.3900	4.4263	0.0000	0.0000	0	0	2	2.707755
2	7	1	54	15	3.6041	3.1416	0.0400	0.2513	0	3.4497	3.2408	-1.0886	2.8179	-4.5383	-0.4229	2	-1	1	1.640629
2	7	2	55	15	3.6041	3.1416	0.0400	0.2513	0	3.4980	3.3749	-2.6097	3.3967	-6.1077	0.0218	1	-1	0	1.090340
2	7	3	56	15	3.6041	3.1416	0.0400	0.2513	0	3.5415	4.5260	-1.6237	3.1727	-5.1653	-1.3533	1	-1	0	1.483018
2	7	3	56	15	0.0000	0.0000	0.0000	0.0000	1	0.0000	0.0000	-0.0593	0.7386	0.0000	0.0000	0	0	2	7.708843
2	7	3	56	15	0.0000	0.0000	0.0000	0.0000	10	0.0000	0.0000	2.9822	9.0131	0.0000	0.0000	0	0	2	0.444542
2	8	1	57	11	2.6791	5.6549	0.0400	0.2513	0	2.5984	5.8808	2.5380	4.4245	-0.0603	-1.4564	2	1	0	0.851851
2	8	2	58	11	2.6791	5.6549	0.0400	0.2513	0	2.4632	5.3095	2.2994	4.6378	-0.1638	-0.6718	1	1	1	1.045445
2	8	3	59	11	2.6791	5.6549	0.0400	0.2513	0	2.8174	6.1864	2.5281	6.1874	-0.2893	0.0011	1	-1	0	1.288845
2	8	3	59	11	0.0000	0.0000	0.0000	0.0000	1	0.0000	0.0000	2.0368	5.4749	0.0000	0.0000	0	0	2	2.085595
2	8	3	59	11	0.0000	0.0000	0.0000	0.0000	10	0.0000	0.0000	-2.2176	3.5493	0.0000	0.0000	0	0	2	0.272835
2	9	1	60	4	0.0000	0.0000	0.0100	0.0628	0	0.0614	-0.4443	1.8384	0.4693	1.7770	0.9136	1	1	1	1.046439
2	9	2	61	4	0.0000	0.0000	0.0100	0.0628	0	0.0934	-0.2235	0.0000	0.0219	-0.0934	0.2454	1	-1	0	1.477567
2	9	3	62	4	0.0000	0.0000	0.0100	0.0628	0	0.3101	-0.2715	-2.6155	0.2617	-2.9257	0.5332	1	1	1	1.880750
2	9	3	62	4	0.0000	0.0000	0.0000	0.0000	1	0.0000	0.0000	-2.8227	2.4216	0.0000	0.0000	0	0	2	1.753864
2	9	3	62	4	0.0000	0.0000	0.0000	0.0000	10	0.0000	0.0000	-0.4998	2.8029	0.0000	0.0000	0	0	2	0.880438
2	10	1	63	3	0.4625	4.3982	0.0600	0.3770	0	-0.0048	4.3979	0.0503	3.4866	0.0551	-0.9113	2	1	0	1.113350
2	10	2	64	3	0.4625	4.3982	0.0600	0.3770	0	0.2939	4.2338	0.2034	4.0474	-0.0905	-0.1864	2	-1	1	1.489413
2	10	3	65	3	0.4625	4.3982	0.0600	0.3770	0	0.4883	3.7949	0.5069	3.6991	0.0186	-0.0958	2	-1	1	1.126187
2	10	3	65	3	0.0000	0.0000	0.0000	0.0000	1	0.0000	0.0000	1.1377	3.8444	0.0000	0.0000	0	0	2	1.162549
2	10	4	66	3	0.4625	4.3982	0.0600	0.3770	0	0.5043	2.6813	0.8076	3.4955	0.3032	0.8142	1	-1	0	1.318114
2	10	5	67	3	0.4625	4.3982	0.0600	0.3770	0	0.4991	3.9803	0.6999	2.7200	0.2008	-1.2603	2	1	0	1.312823
2	10	6	68	3	0.4625	4.3982	0.0600	0.3770	0	0.7305	5.5043	0.8525	4.8477	0.1221	-0.6566	2	1	0	1.534030
2	10	6	68	3	0.0000	0.0000	0.0000	0.0000	5	0.0000	0.0000	0.5460	6.0733	0.0000	0.0000	0	0	2	1.855571
2	10	7	69	3	0.4625	4.3982	0.0600	0.3770	0	0.3724	3.9876	0.6456	4.8531	0.2732	0.8656	2	-1	1	1.176636
2	10	8	70	3	0.4625	4.3982	0.0600	0.3770	0	0.3509	4.8801	0.4043	4.8992	0.0534	0.0190	1	1	1	1.645453
2	10	9	71	3	0.4625	4.3982	0.0600	0.3770	0	0.3424	4.7846	0.4270	4.9004	0.0846	0.1157	2	-1	1	2.808938
2	10	9	71	3	0.0000	0.0000	0.0000	0.0000	1	0.0000	0.0000	0.4374	2.8609	0.0000	0.0000	0	0	2	1.612087
2	10	10	72	3	0.4625	4.3982	0.0600	0.3770	0	0.6964	3.2454	0.6740	3.2983	-0.0224	0.0528	1	1	1	1.234265
2	10	11	73	3	0.4625	4.3982	0.0600	0.3770	0	0.4440	4.8143	0.4552	4.2508	0.0112	-0.5635	2	1	0	1.297077
2	10	12	74	3	0.4625	4.3982	0.0600	0.3770	0	0.9955	4.0377	0.9516	4.0878	-0.0439	0.0501	2	-1	1	1.874784
2	10	12	74	3	0.0000	0.0000	0.0000	0.0000	5	0.0000	0.0000	1.4582	3.8349	0.0000	0.0000	0	0	2	0.913848
2	10	12	74	3	0.0000	0.0000	0.0000	0.0000	10	0.0000	0.0000	2.2768	1.4965	0.0000	0.0000	0	0	2	4.041176
2	11	1	75	14	0.0000	0.0000	0.0100	0.0628	0	-0.0520	0.1777	-1.0199	0.5997	-0.9680	0.4220	1	1	1	1.532676
2	11	2	76	14	0.0000	0.0000	0.0100	0.0628	0	-0.1154	0.2531	-2.2723	0.5543	-2.1569	0.3012	1	1	1	1.819361
2	11	3	77	14	0.0000	0.0000	0.0100	0.0628	0	-0.1297	-0.0383	1.8623	0.0762	1.9919	0.1145	2	1	0	2.240034
2	11	3	77	14	0.0000	0.0000	0.0000	0.0000	1	0.0000	0.0000	-2.5209	2.1088	0.0000	0.0000	0	0	2	1.783839
2	11	4	78	14	0.0000	0.0000	0.0100	0.0628	0	0.0197	-0.1813	2.8535	0.2056	2.8338	0.3869	1	-1	0	1.584771
2	11	5	79	14	0.0000	0.0000	0.0100	0.0628	0	0.0277	-0.3427	-2.8776	0.2798	-2.9054	0.6225	1	-1	0	1.622362
2	11	6	80	14	0.0000	0.0000	0.0100	0.0628	0	-0.0594	0.2143	-2.7234	0.0719	-2.6640	-0.1424	1	-1	0	1.990565
2	11	6	80	14	0.0000	0.0000	0.0000	0.0000	5	0.0000	0.0000	-0.6667	2.8332	0.0000	0.0000	0	0	2	1.549523
2	11	7	81	14	0.0000	0.0000	0.0100	0.0628	0	-0.0019	-0.0299	2.0989	0.3042	2.1008	0.3341	1	1	1	1.774230
2	11	8	82	14	0.0000	0.0000	0.0100	0.0628	0	-0.1267	0.7037	0.2187	0.2019	0.3453	-0.5018	1	1	1	2.090724
2	11	9	83	14	0.0000	0.0000	0.0100	0.0628	0	0.1633	-0.0341	3.0367	0.1395	2.8735	0.1736	2	-1	1	1.986639
2	11	9	83	14	0.0000	0.0000	0.0000	0.0000	1	0.0000	0.0000	-3.0429	0.7409	0.0000	0.0000	0	0	2	1.921531
2	11	9	83	14	0.0000	0.0000	0.0000	0.0000	10	0.0000	0.0000	-2.9341	0.7087	0.0000	0.0000	0	0	2	0.734402
2	12	1	84	18	4.5728	4.3982	0.0100	0.0628	0	4.4516	4.4314	-1.8427	4.8654	-6.2943	0.4340	2	1	0	1.459714
2	12	2	85	18	4.5728	4.3982	0.0100	0.0628	0	4.6716	4.2848	-1.8653	0.9307	-6.5369	-3.3541	2	-1	1	2.195857
2	12	3	86	18	4.5728	4.3982	0.0100	0.0628	0	4.4921	5.0199	-1.9155	4.7314	-6.4076	-0.2886	1	1	1	1.968486
2	12	3	86	18	0.0000	0.0000	0.0000	0.0000	1	0.0000	0.0000	-2.2582	3.3248	0.0000	0.0000	0	0	2	1.987303
2	12	4	87	18	4.5728	4.3982	0.0100	0.0628	0	4.6410	4.6071	-1.5317	2.4255	-6.1727	-2.1816	2	-1	1	1.320613
2	12	5	88	18	4.5728	4.3982	0.0100	0.0628	0	4.4608	4.1334	-1.7858	4.1396	-6.2466	0.0062	1	1	1	1.235057
2	12	6	89	18	4.5728	4.3982	0.0100	0.0628	0	4.5058	4.9105	-1.8016	4.4994	-6.3074	-0.4111	2	1	0	0.900384
2	12	6	89	18	0.0000	0.0000	0.0000	0.0000	5	0.0000	0.0000	-1.0900	3.0464	0.0000	0.0000	0	0	2	3.204036
2	12	7	90	18	4.5728	4.3982	0.0100	0.0628	0	4.4947	4.4103	-1.7630	4.1648	-6.2577	-0.2455	1	1	1	1.372786
2	12	8	91	18	4.5728	4.3982	0.0100	0.0628	0	4.6944	4.2360	-1.6176	3.9025	-6.3120	-0.3335	2	-1	1	0.833072
2	12	9	92	18	4.5728	4.3982	0.0100	0.0628	0	4.5804	4.1478	-1.6348	3.9940	-6.2152	-0.1538	2	1	0	1.434437
2	12	9	92	18	0.0000	0.0000	0.0000	0.0000	1	0.0000	0.0000	-1.8537	0.6538	0.0000	0.0000	0	0	2	2.190744
2	12	9	92	18	0.0000	0.0000	0.0000	0.0000	10	0.0000	0.0000	-1.6191	0.4531	0.0000	0.0000	0	0	2	0.379717
2	13	1	93	8	1.7104	4.3982	0.0100	0.0628	0	1.6596	4.6766	1.5900	4.1764	-0.0696	-0.5002	2	1	0	1.613968
2	13	2	94	8	1.7104	4.3982	0.0100	0.0628	0	1.5882	4.8660	1.6083	4.8653	0.0202	-0.0007	2	1	0	1.074827
2	13	3	95	8	1.7104	4.3982	0.0100	0.0628	0	1.6910	4.6652	1.6783	4.8314	-0.0127	0.1662	2	-1	1	1.376769
2	13	3	95	8	0.0000	0.0000	0.0000	0.0000	1	0.0000	0.0000	1.0932	3.2879	0.0000	0.0000	0	0	2	3.574511
2	13	3	95	8	0.0000	0.0000	0.0000	0.0000	10	0.0000	0.0000	2.3130	4.1799	0.0000	0.0000	0	0	2	1.657699
2	14	1	96	13	3.1416	4.3982	0.0400	0.2513	0	3.0320	4.2863	2.8021	4.5600	-0.2299	0.2737	1	1	1	1.358088
2	14	2	97	13	3.1416	4.3982	0.0400	0.2513	0	3.1526	4.3231	2.8628	4.4572	-0.2898	0.1342	1	-1	0	0.767502
2	14	3	98	13	3.1416	4.3982	0.0400	0.2513	0	3.3785	4.9731	-3.1385	4.6794	-6.5170	-0.2937	2	1	0	1.108083
2	14	3	98	13	0.0000	0.0000	0.0000	0.0000	1	0.0000	0.0000	-1.3678	0.2534	0.0000	0.0000	0	0	2	3.161915
2	14	4	99	13	3.1416	4.3982	0.0400	0.2513	0	2.9187	3.9646	2.7753	4.4021	-0.1435	0.4375	2	-1	1	1.077284
2	14	5	100	13	3.1416	4.3982	0.0400	0.2513	0	3.3997	4.8519	-2.9397	4.1505	-6.3394	-0.7015	2	-1	1	1.421790
2	14	6	101	13	3.1416	4.3982	0.0400	0.2513	0	3.5340	4.0929	-2.6707	4.0549	-6.2047	-0.0380	2	-1	1	1.259131
2	14	6	101	13	0.0000	0.0000	0.0000	0.0000	5	0.0000	0.0000	-1.5316	4.2812	0.0000	0.0000	0	0	2	2.302511
2	14	6	101	13	0.0000	0.0000	0.0000	0.0000	10	0.0000	0.0000	-2.4020	1.6897	0.0000	0.0000	0	0	2	3.465391
2	15	1	102	23	0.0000	0.0000	0.0100	0.0628	0	-0.1351	0.0711	0.8380	0.0982	0.9731	0.0272	2	1	0	1.127954
2	15	2	103	23	0.0000	0.0000	0.0100	0.0628	0	-0.0555	0.6017	0.0618	0.7095	0.1173	0.1078	2	1	0	2.288949
2	15	3	104	23	0.0000	0.0000	0.0100	0.0628	0	0.0981	-0.1833	-2.7882	0.8015	-2.8863	0.9848	2	1	0	1.062792
2	15	3	104	23	0.0000	0.0000	0.0000	0.0000	1	0.0000	0.0000	0.8008	3.6809	0.0000	0.0000	0	0	2	3.228345
2	15	4	105	23	0.0000	0.0000	0.0100	0.0628	0	-0.0172	0.0794	2.2404	0.6704	2.2577	0.5910	2	-1	1	0.988010
2	15	5	106	23	0.0000	0.0000	0.0100	0.0628	0	0.0524	0.1733	1.1234	1.6032	1.0710	1.4298	2	1	0	1.448034
2	15	6	107	23	0.0000	0.0000	0.0100	0.0628	0	-0.1158	-0.1145	1.9985	0.5456	2.1143	0.6600	1	-1	0	1.197608
2	15	6	107	23	0.0000	0.0000	0.0000	0.0000	5	0.0000	0.0000	-0.9785	2.3406	0.0000	0.0000	0	0	2	3.628282
2	15	6	107	23	0.0000	0.0000	0.0000	0.0000	10	0.0000	0.0000	-0.3324	4.9659	0.0000	0.0000	0	0	2	2.928574
2	16	1	108	22	5.4978	4.3982	0.0600	0.3770	0	5.4611	4.7878	-0.7460	4.5822	-6.2070	-0.2056	2	-1	1	0.815049
2	16	2	109	22	5.4978	4.3982	0.0600	0.3770	0	5.6125	4.2279	-0.8865	3.9380	-6.4990	-0.2899	2	1	0	1.115067
2	16	3	110	22	5.4978	4.3982	0.0600	0.3770	0	6.0132	3.6613	-0.1610	3.7348	-6.1741	0.0735	1	-1	0	1.554508
2	16	3	110	22	0.0000	0.0000	0.0000	0.0000	1	0.0000	0.0000	-0.4028	4.9912	0.0000	0.0000	0	0	2	1.300143
2	16	4	111	22	5.4978	4.3982	0.0600	0.3770	0	5.5426	4.6077	-0.5865	2.6908	-6.1291	-1.9169	1	-1	0	0.872691
2	16	5	112	22	5.4978	4.3982	0.0600	0.3770	0	5.4259	5.0529	-0.7864	4.9297	-6.2123	-0.1232	2	-1	1	1.046528
2	16	6	113	22	5.4978	4.3982	0.0600	0.3770	0	5.7935	4.2263	-0.5463	4.4683	-6.3398	0.2421	2	1	0	1.076862
2	16	6	113	22	0.0000	0.0000	0.0000	0.0000	5	0.0000	0.0000	-0.0188	3.8916	0.0000	0.0000	0	0	2	1.908406
2	16	7	114	22	5.4978	4.3982	0.0600	0.3770	0	5.5102	4.2512	-0.6709	4.1100	-6.1811	-0.1411	2	-1	1	0.948569
2	16	8	115	22	5.4978	4.3982	0.0600	0.3770	0	5.4034	4.0586	-0.8176	4.0026	-6.2210	-0.0560	1	-1	0	1.226840
2	16	9	116	22	5.4978	4.3982	0.0600	0.3770	0	5.5661	5.3168	-0.6778	5.1452	-6.2439	-0.1716	1	-1	0	1.017027
2	16	9	116	22	0.0000	0.0000	0.0000	0.0000	1	0.0000	0.0000	-0.9906	1.2918	0.0000	0.0000	0	0	2	2.357447
2	16	10	117	22	5.4978	4.3982	0.0600	0.3770	0	5.7112	5.0450	-0.6323	4.8417	-6.3435	-0.2032	2	-1	1	0.766618
2	16	11	118	22	5.4978	4.3982	0.0600	0.3770	0	5.4306	4.8306	-0.8189	4.7775	-6.2495	-0.0531	2	-1	1	1.723287
2	16	12	119	22	5.4978	4.3982	0.0600	0.3770	0	5.2591	4.6141	-1.0044	4.5850	-6.2636	-0.0292	1	1	1	1.796867
2	16	12	119	22	0.0000	0.0000	0.0000	0.0000	5	0.0000	0.0000	-1.4305	4.6447	0.0000	0.0000	0	0	2	1.866495
2	16	12	119	22	0.0000	0.0000	0.0000	0.0000	10	0.0000	0.0000	-1.8818	0.6441	0.0000	0.0000	0	0	2	0.712356
2	17	1	120	25	6.2832	3.1416	0.0100	0.0628	0	6.1401	3.2957	-0.1226	3.5820	-6.2627	0.2864	1	-1	0	1.096810
2	17	2	121	25	6.2832	3.1416	0.0100	0.0628	0	6.3126	2.9183	-0.0304	3.3669	-6.3430	0.4486	1	1	1	1.477157
2	17	3	122	25	6.2832	3.1416	0.0100	0.0628	0	6.3674	3.1247	0.1817	2.8279	-6.1857	-0.2968	2	-1	1	1.250636
2	17	3	122	25	0.0000	0.0000	0.0000	0.0000	1	0.0000	0.0000	1.0430	3.4644	0.0000	0.0000	0	0	2	1.260339
2	17	4	123	25	6.2832	3.1416	0.0100	0.0628	0	6.3004	3.4011	0.5368	3.0836	-5.7636	-0.3175	2	-1	1	1.224402
2	17	5	124	25	6.2832	3.1416	0.0100	0.0628	0	6.2703	3.3473	0.0416	3.8651	-6.2287	0.5178	2	1	0	1.131505
2	17	6	125	25	6.2832	3.1416	0.0100	0.0628	0	6.1950	3.0355	-0.0131	2.2267	-6.2081	-0.8088	1	-1	0	0.749797
2	17	6	125	25	0.0000	0.0000	0.0000	0.0000	5	0.0000	0.0000	-2.3413	0.3459	0.0000	0.0000	0	0	2	6.881323
2	17	7	126	25	6.2832	3.1416	0.0100	0.0628	0	6.1954	2.6088	-0.1165	1.5067	-6.3120	-1.1021	2	1	0	1.358671
2	17	8	127	25	6.2832	3.1416	0.0100	0.0628	0	6.3485	3.5896	0.1134	3.2255	-6.2351	-0.3641	1	1	1	1.671344
2	17	9	128	25	6.2832	3.1416	0.0100	0.0628	0	6.3938	3.1300	0.1724	3.1492	-6.2214	0.0193	2	-1	1	1.324934
2	17	9	128	25	0.0000	0.0000	0.0000	0.0000	1	0.0000	0.0000	-3.0770	2.7140	0.0000	0.0000	0	0	2	4.896440
2	17	10	129	25	6.2832	3.1416	0.0100	0.0628	0	6.2932	3.1850	0.2105	2.5157	-6.0827	-0.6693	1	-1	0	1.152682
2	17	11	130	25	6.2832	3.1416	0.0100	0.0628	0	6.3817	3.1957	0.4693	2.8730	-5.9124	-0.3227	2	1	0	1.285031
2	17	12	131	25	6.2832	3.1416	0.0100	0.0628	0	6.3342	2.9893	0.3042	3.0223	-6.0301	0.0330	2	-1	1	1.095362
2	17	12	131	25	0.0000	0.0000	0.0000	0.0000	5	0.0000	0.0000	-0.4744	3.9636	0.0000	0.0000	0	0	2	1.218818
2	17	12	131	25	0.0000	0.0000	0.0000	0.0000	10	0.0000	0.0000	-0.4220	0.3921	0.0000	0.0000	0	0	2	0.394978
2	18	1	132	16	3.9270	5.6549	0.0600	0.3770	0	3.9374	5.0621	-2.2612	4.2987	-6.1986	-0.7634	1	-1	0	1.327775
2	18	2	133	16	3.9270	5.6549	0.0600	0.3770	0	3.7054	4.9062	-2.5153	4.3340	-6.2206	-0.5722	2	-1	1	1.486080
2	18	3	134	16	3.9270	5.6549	0.0600	0.3770	0	3.8817	5.3076	-2.3121	5.2652	-6.1938	-0.0425	2	1	0	2.113834
2	18	3	134	16	0.0000	0.0000	0.0000	0.0000	1	0.0000	0.0000	-3.1235	3.2199	0.0000	0.0000	0	0	2	6.118489
2	18	4	135	16	3.9270	5.6549	0.0600	0.3770	0	3.9893	5.1280	-2.3429	5.0540	-6.3322	-0.0740	1	-1	0	1.292785
2	18	5	136	16	3.9270	5.6549	0.0600	0.3770	0	4.2236	6.1906	-2.2138	6.2212	-6.4374	0.0305	2	1	0	2.301309
2	18	6	137	16	3.9270	5.6549	0.0600	0.3770	0	4.2276	5.4531	-2.0867	5.3713	-6.3143	-0.0818	2	-1	1	1.282372
2	18	6	137	16	0.0000	0.0000	0.0000	0.0000	5	0.0000	0.0000	-1.5268	2.8206	0.0000	0.0000	0	0	2	2.417248
2	18	6	137	16	0.0000	0.0000	0.0000	0.0000	10	0.0000	0.0000	-0.1155	2.1533	0.0000	0.0000	0	0	2	0.470500
2	19	1	138	5	1.1083	3.1416	0.0100	0.0628	0	1.3418	2.6714	1.3518	2.3184	0.0100	-0.3530	1	1	1	1.184850
2	19	2	139	5	1.1083	3.1416	0.0100	0.0628	0	1.1988	2.6576	1.3107	2.5835	0.1120	-0.0741	2	-1	1	1.164874
2	19	3	140	5	1.1083	3.1416	0.0100	0.0628	0	0.9153	2.9348	1.1427	2.9368	0.2274	0.0020	2	1	0	1.009694
2	19	3	140	5	0.0000	0.0000	0.0000	0.0000	1	0.0000	0.0000	0.4866	4.1212	0.0000	0.0000	0	0	2	3.064837
2	19	4	141	5	1.1083	3.1416	0.0100	0.0628	0	1.0399	3.1161	1.0525	3.3448	0.0125	0.2287	2	1	0	0.783361
2	19	5	142	5	1.1083	3.1416	0.0100	0.0628	0	1.0631	3.0144	1.1240	3.0921	0.0609	0.0777	1	1	1	0.894210
2	19	6	143	5	1.1083	3.1416	0.0100	0.0628	0	1.1605	3.0992	1.5603	3.4896	0.3998	0.3904	2	-1	1	0.714855
2	19	6	143	5	0.0000	0.0000	0.0000	0.0000	5	0.0000	0.0000	-2.2245	3.4210	0.0000	0.0000	0	0	2	1.665220
2	19	7	144	5	1.1083	3.1416	0.0100	0.0628	0	1.2025	3.2849	1.2396	3.6591	0.0371	0.3742	2	-1	1	1.001955
2	19	8	145	5	1.1083	3.1416	0.0100	0.0628	0	0.9997	3.2489	0.7370	3.5194	-0.2627	0.2706	2	1	0	1.742676
2	19	9	146	5	1.1083	3.1416	0.0100	0.0628	0	1.0888	3.0521	1.4661	2.5838	0.3773	-0.4683	1	1	1	2.493385
2	19	9	146	5	0.0000	0.0000	0.0000	0.0000	1	0.0000	0.0000	-0.7065	4.3858	0.0000	0.0000	0	0	2	4.510062
2	19	9	146	5	0.0000	0.0000	0.0000	0.0000	10	0.0000	0.0000	2.4576	4.9448	0.0000	0.0000	0	0	2	0.706937
2	20	1	147	24	6.1436	5.6549	0.0100	0.0628	0	6.1756	5.5120	0.0000	5.1904	-6.1756	-0.3217	2	-1	1	0.911155
2	20	2	148	24	6.1436	5.6549	0.0100	0.0628	0	6.2040	5.4586	-0.2370	5.5349	-6.4409	0.0763	1	-1	0	1.765113
2	20	3	149	24	6.1436	5.6549	0.0100	0.0628	0	6.0281	5.3111	-0.1053	5.5570	-6.1334	0.2459	2	-1	1	1.503210
2	20	3	149	24	0.0000	0.0000	0.0000	0.0000	1	0.0000	0.0000	-0.8963	3.9629	0.0000	0.0000	0	0	2	1.125900
2	20	3	149	24	0.0000	0.0000	0.0000	0.0000	10	0.0000	0.0000	1.1185	4.5937	0.0000	0.0000	0	0	2	0.458385
2	21	1	150	12	3.0020	3.1416	0.0600	0.3770	0	2.9465	3.3185	3.0600	3.5817	0.1135	0.2631	1	1	1	0.952756
2	21	2	151	12	3.0020	3.1416	0.0600	0.3770	0	3.2306	2.4723	-2.9447	3.0595	-6.1753	0.5872	2	-1	1	1.413212
2	21	3	152	12	3.0020	3.1416	0.0600	0.3770	0	3.0056	2.6324	3.0358	3.1787	0.0302	0.5464	1	-1	0	1.769660
2	21	3	152	12	0.0000	0.0000	0.0000	0.0000	1	0.0000	0.0000	-1.1027	4.3846	0.0000	0.0000	0	0	2	3.565898
2	21	4	153	12	3.0020	3.1416	0.0600	0.3770	0	2.9877	3.0745	2.5093	0.9140	-0.4784	-2.1605	2	1	0	1.959352
2	21	5	154	12	3.0020	3.1416	0.0600	0.3770	0	3.0086	3.2723	3.0355	3.0320	0.0268	-0.2403	2	1	0	1.182674
2	21	6	155	12	3.0020	3.1416	0.0600	0.3770	0	2.9686	1.9603	2.8751	2.5502	-0.0935	0.5899	2	-1	1	0.917538
2	21	6	155	12	0.0000	0.0000	0.0000	0.0000	5	0.0000	0.0000	-2.7305	2.9227	0.0000	0.0000	0	0	2	1.732223
2	21	7	156	12	3.0020	3.1416	0.0600	0.3770	0	2.7962	3.3379	2.9599	3.5553	0.1637	0.2173	1	-1	0	1.652817
2	21	8	157	12	3.0020	3.1416	0.0600	0.3770	0	2.8386	2.4346	2.9193	3.0461	0.0806	0.6115	1	1	1	1.236174
2	21	9	158	12	3.0020	3.1416	0.0600	0.3770	0	2.9149	3.1257	2.9078	3.6546	-0.0071	0.5289	2	1	0	1.367608
2	21	9	158	12	0.0000	0.0000	0.0000	0.0000	1	0.0000	0.0000	1.0648	6.0092	0.0000	0.0000	0	0	2	1.406057
2	21	10	159	12	3.0020	3.1416	0.0600	0.3770	0	3.4660	4.6564	-2.5441	4.2824	-6.0101	-0.3740	1	-1	0	1.370455
2	21	11	160	12	3.0020	3.1416	0.0600	0.3770	0	3.2849	2.9299	-2.9603	3.6441	-6.2452	0.7141	2	-1	1	1.127137
2	21	12	161	12	3.0020	3.1416	0.0600	0.3770	0	2.9512	4.5339	3.0946	4.3484	0.1433	-0.1856	1	1	1	1.229181
2	21	12	161	12	0.0000	0.0000	0.0000	0.0000	5	0.0000	0.0000	2.8378	3.2209	0.0000	0.0000	0	0	2	1.237544
2	21	12	161	12	0.0000	0.0000	0.0000	0.0000	10	0.0000	0.0000	2.0159	2.4588	0.0000	0.0000	0	0	2	0.117234
2	22	1	162	10	2.3562	1.8850	0.0100	0.0628	0	2.4313	1.7017	2.4859	2.2749	0.0546	0.5732	1	1	1	1.532519
2	22	2	163	10	2.3562	1.8850	0.0100	0.0628	0	2.2989	2.1944	2.2421	2.3121	-0.0568	0.1177	1	1	1	1.019919
2	22	3	164	10	2.3562	1.8850	0.0100	0.0628	0	2.2916	1.4844	2.0863	0.7552	-0.2052	-0.7292	1	-1	0	0.748977
2	22	3	164	10	0.0000	0.0000	0.0000	0.0000	1	0.0000	0.0000	1.2615	2.0386	0.0000	0.0000	0	0	2	1.570090
2	22	4	165	10	2.3562	1.8850	0.0100	0.0628	0	2.2076	2.0915	2.0289	2.3604	-0.1786	0.2689	2	-1	1	1.138317
2	22	5	166	10	2.3562	1.8850	0.0100	0.0628	0	2.5126	1.7121	2.6726	1.8413	0.1601	0.1293	2	-1	1	1.013593
2	22	6	167	10	2.3562	1.8850	0.0100	0.0628	0	2.4100	2.0973	2.4863	2.3479	0.0763	0.2506	1	1	1	1.296351
2	22	6	167	10	0.0000	0.0000	0.0000	0.0000	5	0.0000	0.0000	0.3747	3.2711	0.0000	0.0000	0	0	2	1.618250
2	22	7	168	10	2.3562	1.8850	0.0100	0.0628	0	2.4460	2.7144	2.6025	2.7305	0.1565	0.0162	1	1	1	2.024183
2	22	8	169	10	2.3562	1.8850	0.0100	0.0628	0	2.4669	1.7945	2.6699	1.2210	0.2030	-0.5734	2	-1	1	0.586144
2	22	9	170	10	2.3562	1.8850	0.0100	0.0628	0	2.2776	1.9629	2.2903	1.9606	0.0128	-0.0023	1	1	1	1.339336
2	22	9	170	10	0.0000	0.0000	0.0000	0.0000	1	0.0000	0.0000	-2.3092	4.2840	0.0000	0.0000	0	0	2	1.209268
2	22	9	170	10	0.0000	0.0000	0.0000	0.0000	10	0.0000	0.0000	0.7364	4.9563	0.0000	0.0000	0	0	2	1.660199
2	23	1	171	2	0.1396	5.6549	0.0400	0.2513	0	0.2452	5.3609	0.4098	4.9107	0.1645	-0.4502	1	1	1	1.123674
2	23	2	172	2	0.1396	5.6549	0.0400	0.2513	0	0.1384	5.8918	0.1728	5.7728	0.0345	-0.1190	2	-1	1	1.091452
2	23	3	173	2	0.1396	5.6549	0.0400	0.2513	0	-0.0352	5.6581	0.0789	5.5581	0.1141	-0.1000	2	-1	1	2.586068
2	23	3	173	2	0.0000	0.0000	0.0000	0.0000	1	0.0000	0.0000	-0.9070	3.4478	0.0000	0.0000	0	0	2	4.334833
2	23	4	174	2	0.1396	5.6549	0.0400	0.2513	0	-0.0089	5.2592	-0.0499	4.9776	-0.0410	-0.2817	1	1	1	0.969884
2	23	5	175	2	0.1396	5.6549	0.0400	0.2513	0	0.0826	4.8754	0.0519	5.0658	-0.0307	0.1904	2	1	0	1.944777
2	23	6	176	2	0.1396	5.6549	0.0400	0.2513	0	0.2043	5.8410	0.2192	5.8412	0.0149	0.0002	2	-1	1	1.447432
2	23	6	176	2	0.0000	0.0000	0.0000	0.0000	5	0.0000	0.0000	2.2213	3.3392	0.0000	0.0000	0	0	2	2.288287
2	23	7	177	2	0.1396	5.6549	0.0400	0.2513	0	-0.2821	5.9601	-0.2780	5.8530	0.0041	-0.1071	2	-1	1	1.609381
2	23	8	178	2	0.1396	5.6549	0.0400	0.2513	0	0.4051	5.0537	0.3483	4.9627	-0.0569	-0.0910	2	-1	1	1.482030
2	23	9	179	2	0.1396	5.6549	0.0400	0.2513	0	-0.0861	6.1073	0.0287	6.1127	0.1148	0.0054	1	-1	0	1.757900
2	23	9	179	2	0.0000	0.0000	0.0000	0.0000	1	0.0000	0.0000	-0.6838	4.5297	0.0000	0.0000	0	0	2	3.563926
2	23	10	180	2	0.1396	5.6549	0.0400	0.2513	0	-0.2387	5.9557	-0.2229	5.6813	0.0159	-0.2744	2	-1	1	1.558753
2	23	11	181	2	0.1396	5.6549	0.0400	0.2513	0	0.2081	5.9038	0.1045	5.8795	-0.1037	-0.0243	1	-1	0	2.414329
2	23	12	182	2	0.1396	5.6549	0.0400	0.2513	0	0.3617	5.0808	0.2625	5.5710	-0.0992	0.4902	1	1	1	2.558503
2	23	12	182	2	0.0000	0.0000	0.0000	0.0000	5	0.0000	0.0000	1.0261	4.4382	0.0000	0.0000	0	0	2	1.067027
2	23	12	182	2	0.0000	0.0000	0.0000	0.0000	10	0.0000	0.0000	2.3487	3.4431	0.0000	0.0000	0	0	2	0.514268
2	24	1	183	20	4.8520	3.1416	0.0400	0.2513	0	4.7557	2.6153	-1.5964	2.5705	-6.3521	-0.0449	2	-1	1	1.310819
2	24	2	184	20	4.8520	3.1416	0.0400	0.2513	0	5.0306	2.9630	-1.1834	2.5703	-6.2141	-0.3927	1	1	1	2.154079
2	24	3	185	20	4.8520	3.1416	0.0400	0.2513	0	4.8871	2.9198	-1.3172	2.8808	-6.2043	-0.0390	2	-1	1	1.963044
2	24	3	185	20	0.0000	0.0000	0.0000	0.0000	1	0.0000	0.0000	-2.8284	5.1181	0.0000	0.0000	0	0	2	1.004858
2	24	4	186	20	4.8520	3.1416	0.0400	0.2513	0	5.1266	3.1590	-1.2407	3.0404	-6.3673	-0.1186	2	1	0	1.296667
2	24	5	187	20	4.8520	3.1416	0.0400	0.2513	0	4.4494	3.1973	-1.9194	3.3555	-6.3688	0.1582	1	1	1	1.319395
2	24	6	188	20	4.8520	3.1416	0.0400	0.2513	0	4.7101	4.1749	-1.5268	3.8144	-6.2369	-0.3605	1	1	1	1.803970
2	24	6	188	20	0.0000	0.0000	0.0000	0.0000	5	0.0000	0.0000	-1.0345	0.9002	0.0000	0.0000	0	0	2	2.348850
2	24	6	188	20	0.0000	0.0000	0.0000	0.0000	10	0.0000	0.0000	1.9088	4.1166	0.0000	0.0000	0	0	2	0.258663
2	25	1	189	17	4.2499	1.8850	0.0400	0.2513	0	4.4598	1.3204	-1.5095	0.8338	-5.9693	-0.4866	2	1	0	0.868422
2	25	2	190	17	4.2499	1.8850	0.0400	0.2513	0	4.1523	1.1262	-1.9723	0.8407	-6.1245	-0.2855	1	-1	0	0.987358
2	25	3	191	17	4.2499	1.8850	0.0400	0.2513	0	4.5279	1.4455	-2.0266	1.6748	-6.5545	0.2294	2	1	0	2.045433
2	25	3	191	17	0.0000	0.0000	0.0000	0.0000	1	0.0000	0.0000	1.4123	1.4342	0.0000	0.0000	0	0	2	3.700172
2	25	4	192	17	4.2499	1.8850	0.0400	0.2513	0	4.1546	2.7948	-2.2160	3.3624	-6.3706	0.5676	2	-1	1	1.418266
2	25	5	193	17	4.2499	1.8850	0.0400	0.2513	0	4.5001	1.5507	-2.4715	1.4810	-6.9716	-0.0697	2	-1	1	0.854039
2	25	6	194	17	4.2499	1.8850	0.0400	0.2513	0	4.4308	1.7166	-2.2123	1.4761	-6.6431	-0.2405	2	-1	1	1.195811
2	25	6	194	17	0.0000	0.0000	0.0000	0.0000	5	0.0000	0.0000	0.2955	3.6094	0.0000	0.0000	0	0	2	3.043386
2	25	7	195	17	4.2499	1.8850	0.0400	0.2513	0	4.1941	1.1447	-1.8831	0.7364	-6.0772	-0.4082	1	-1	0	2.014769
2	25	8	196	17	4.2499	1.8850	0.0400	0.2513	0	4.1312	1.4103	-2.2448	1.6258	-6.3760	0.2154	2	1	0	0.938779
2	25	9	197	17	4.2499	1.8850	0.0400	0.2513	0	3.8422	2.4134	-2.4408	2.0152	-6.2830	-0.3982	2	1	0	1.349353
2	25	9	197	17	0.0000	0.0000	0.0000	0.0000	1	0.0000	0.0000	1.1892	1.1956	0.0000	0.0000	0	0	2	3.220527
2	25	10	198	17	4.2499	1.8850	0.0400	0.2513	0	4.1894	1.9030	-2.4133	2.2595	-6.6028	0.3565	2	1	0	8.788990
2	25	11	199	17	4.2499	1.8850	0.0400	0.2513	0	4.5074	2.8729	-1.8210	2.0344	-6.3284	-0.8385	1	-1	0	1.204216
2	25	12	200	17	4.2499	1.8850	0.0400	0.2513	0	4.1181	2.5845	-2.1154	2.6629	-6.2336	0.0785	2	-1	1	1.309062
2	25	12	200	17	0.0000	0.0000	0.0000	0.0000	5	0.0000	0.0000	-0.8004	3.0924	0.0000	0.0000	0	0	2	0.851814
2	25	12	200	17	0.0000	0.0000	0.0000	0.0000	10	0.0000	0.0000	0.5179	5.9571	0.0000	0.0000	0	0	2	0.049385
