3	1	1	1	1	0.0000	0.0000	0.0100	0.0628	0	0.0928	-0.0704	-2.6012	0.2192	-2.6940	0.2895	1	1	1	1.927057
3	1	2	2	1	0.0000	0.0000	0.0100	0.0628	0	0.0173	0.2494	-0.1419	0.2658	-0.1592	0.0164	2	-1	1	1.648934
3	1	3	3	1	0.0000	0.0000	0.0100	0.0628	0	-0.0692	0.0436	2.5749	0.0980	2.6440	0.0545	2	1	0	1.528360
3	1	4	4	1	0.0000	0.0000	0.0100	0.0628	0	-0.0723	-0.1769	2.8198	0.1664	2.8921	0.3433	2	1	0	1.337992
3	1	5	5	1	0.0000	0.0000	0.0100	0.0628	0	-0.0574	-0.5232	-2.9117	0.3629	-2.8542	0.8861	2	-1	1	2.439463
3	1	6	6	1	0.0000	0.0000	0.0100	0.0628	0	-0.0308	-0.0313	1.3734	0.1150	1.4042	0.1463	1	1	1	1.888669
3	1	7	7	1	0.0000	0.0000	0.0100	0.0628	0	0.0267	0.0401	2.3562	0.0319	2.3295	-0.0082	2	-1	1	1.085615
3	1	8	8	1	0.0000	0.0000	0.0100	0.0628	0	0.1334	-0.3727	2.9353	0.3303	2.8018	0.7030	2	1	0	1.129983
3	1	9	9	1	0.0000	0.0000	0.0100	0.0628	0	-0.1331	0.4387	1.6476	0.2941	1.7807	-0.1447	2	1	0	1.040365
3	1	10	10	1	0.0000	0.0000	0.0100	0.0628	0	0.1399	0.1337	-1.4801	0.0830	-1.6200	-0.0507	1	-1	0	1.564427
3	1	11	11	1	0.0000	0.0000	0.0100	0.0628	0	-0.0572	0.1015	-1.8925	0.0238	-1.8353	-0.0778	2	-1	1	1.258262
3	1	12	12	1	0.0000	0.0000	0.0100	0.0628	0	-0.0347	-0.1652	0.6610	0.0857	0.6957	0.2509	2	-1	1	1.759247
3	1	13	13	1	0.0000	0.0000	0.0100	0.0628	0	-0.0644	0.0118	-1.6815	0.0681	-1.6170	0.0563	2	1	0	1.318684
3	1	14	14	1	0.0000	0.0000	0.0100	0.0628	0	0.0868	-0.0058	1.3135	0.1477	1.2267	0.1535	2	-1	1	0.793339
3	1	15	15	1	0.0000	0.0000	0.0100	0.0628	0	0.1639	-0.0347	-0.1419	0.0532	-0.3058	0.0879	2	-1	1	1.552959
3	1	16	16	1	0.0000	0.0000	0.0100	0.0628	0	0.0428	-0.1994	1.8281	0.1477	1.7853	0.3471	2	1	0	1.773634
3	1	17	17	1	0.0000	0.0000	0.0100	0.0628	0	0.1478	-0.5232	-2.8407	0.2283	-2.9885	0.7515	2	-1	1	2.094305
3	1	18	18	1	0.0000	0.0000	0.0100	0.0628	0	-0.0692	0.1098	2.5078	0.7744	2.5770	0.6646	2	-1	1	1.078183
3	1	19	19	1	0.0000	0.0000	0.0100	0.0628	0	-0.2678	-0.2941	1.9279	0.5376	2.1958	0.8317	2	1	0	1.707152
3	1	20	20	1	0.0000	0.0000	0.0100	0.0628	0	0.1068	-0.2514	1.9438	0.1857	1.8370	0.4371	2	1	0	0.921046
3	1	20	20	1	0.0000	0.0000	0.0000	0.0000	10	0.0000	0.0000	1.2864	0.5091	0.0000	0.0000	0	0	2	1.953132
3	2	1	21	23	0.0000	0.0000	0.0100	0.0628	0	0.1243	0.3352	-0.5758	0.5109	-0.7001	0.1757	1	1	1	1.320168
3	2	2	22	23	0.0000	0.0000	0.0100	0.0628	0	0.0283	-0.3286	1.9853	0.2053	1.9570	0.5339	2	1	0	1.062174
3	2	3	23	23	0.0000	0.0000	0.0100	0.0628	0	0.0913	0.1835	0.4558	0.4270	0.3645	0.2435	2	1	0	2.025446
3	2	3	23	23	0.0000	0.0000	0.0000	0.0000	1	0.0000	0.0000	2.2171	0.5368	0.0000	0.0000	0	0	2	0.866574
3	2	4	24	23	0.0000	0.0000	0.0100	0.0628	0	0.0407	-0.0390	1.6815	0.3404	1.6407	0.3794	2	-1	1	1.092443
3	2	5	25	23	0.0000	0.0000	0.0100	0.0628	0	-0.0118	-0.0566	0.8104	0.4254	0.8222	0.4820	1	1	1	1.530501
3	2	6	26	23	0.0000	0.0000	0.0100	0.0628	0	0.1158	-0.6123	2.8858	0.5051	2.7700	1.1174	1	1	1	1.014644
3	2	6	26	23	0.0000	0.0000	0.0000	0.0000	5	0.0000	0.0000	-0.7066	0.4053	0.0000	0.0000	0	0	2	0.958476
3	2	6	26	23	0.0000	0.0000	0.0000	0.0000	10	0.0000	0.0000	0.1946	1.0498	0.0000	0.0000	0	0	2	0.562205
3	3	1	27	10	2.3562	1.8850	0.0100	0.0628	0	2.2798	2.1387	2.3940	2.5322	0.1141	0.3935	1	1	1	1.530641
3	3	2	28	10	2.3562	1.8850	0.0100	0.0628	0	2.3768	1.9462	2.3748	2.2863	-0.0020	0.3400	2	1	0	0.817261
3	3	3	29	10	2.3562	1.8850	0.0100	0.0628	0	2.3622	1.5886	2.2800	1.3968	-0.0822	-0.1917	2	-1	1	1.222865
3	3	3	29	10	0.0000	0.0000	0.0000	0.0000	1	0.0000	0.0000	2.1303	2.5636	0.0000	0.0000	0	0	2	0.771044
3	3	4	30	10	2.3562	1.8850	0.0100	0.0628	0	2.5736	1.6059	2.6584	1.8932	0.0848	0.2873	2	-1	1	1.612049
3	3	5	31	10	2.3562	1.8850	0.0100	0.0628	0	2.3196	1.8388	2.2807	1.9725	-0.0389	0.1337	1	-1	0	1.257173
3	3	6	32	10	2.3562	1.8850	0.0100	0.0628	0	2.2131	1.5586	2.2675	1.4410	0.0545	-0.1176	1	1	1	1.670230
3	3	6	32	10	0.0000	0.0000	0.0000	0.0000	5	0.0000	0.0000	2.0476	1.7854	0.0000	0.0000	0	0	2	1.618462
3	3	7	33	10	2.3562	1.8850	0.0100	0.0628	0	2.1963	1.6871	2.4898	1.9953	0.2935	0.3083	1	1	1	1.279994
3	3	8	34	10	2.3562	1.8850	0.0100	0.0628	0	2.3069	2.0920	2.1382	1.7206	-0.1687	-0.3715	1	1	1	0.990080
3	3	9	35	10	2.3562	1.8850	0.0100	0.0628	0	2.4183	2.0712	2.4861	1.8871	0.0678	-0.1840	2	-1	1	1.289878
3	3	9	35	10	0.0000	0.0000	0.0000	0.0000	1	0.0000	0.0000	2.3793	2.2971	0.0000	0.0000	0	0	2	0.947437
3	3	9	35	10	0.0000	0.0000	0.0000	0.0000	10	0.0000	0.0000	2.6575	2.4717	0.0000	0.0000	0	0	2	0.507521
3	4	1	36	16	3.9270	5.6549	0.0600	0.3770	0	4.2005	5.0382	-2.0851	5.6388	-6.2857	0.6006	2	-1	1	0.926379
3	4	2	37	16	3.9270	5.6549	0.0600	0.3770	0	4.0397	6.2389	-2.1618	6.2199	-6.2015	-0.0191	2	-1	1	0.368149
3	4	3	38	16	3.9270	5.6549	0.0600	0.3770	0	3.9931	5.6148	-2.2719	5.9324	-6.2650	0.3177	1	1	1	1.285624
3	4	3	38	16	0.0000	0.0000	0.0000	0.0000	1	0.0000	0.0000	-2.2954	5.7732	0.0000	0.0000	0	0	2	1.822976
3	4	4	39	16	3.9270	5.6549	0.0600	0.3770	0	3.7169	6.0478	-2.5567	5.9780	-6.2736	-0.0698	2	1	0	0.876370
3	4	5	40	16	3.9270	5.6549	0.0600	0.3770	0	4.0145	5.6749	-2.2146	5.7993	-6.2291	0.1244	2	1	0	1.032582
3	4	6	41	16	3.9270	5.6549	0.0600	0.3770	0	3.8234	5.4972	-2.4074	6.0256	-6.2308	0.5284	2	1	0	0.991587
3	4	6	41	16	0.0000	0.0000	0.0000	0.0000	5	0.0000	0.0000	-2.0070	5.9969	0.0000	0.0000	0	0	2	1.223428
3	4	6	41	16	0.0000	0.0000	0.0000	0.0000	10	0.0000	0.0000	-0.6223	6.0232	0.0000	0.0000	0	0	2	1.876280
3	5	1	42	24	6.1436	5.6549	0.0100	0.0628	0	6.1707	5.8928	-0.5595	5.9345	-6.7302	0.0417	2	-1	1	1.687891
3	5	2	43	24	6.1436	5.6549	0.0100	0.0628	0	5.8148	5.9589	-0.4664	6.0014	-6.2812	0.0425	1	1	1	0.844654
3	5	3	44	24	6.1436	5.6549	0.0100	0.0628	0	6.1709	5.6228	-0.0793	5.9805	-6.2502	0.3577	2	-1	1	0.991210
3	5	3	44	24	0.0000	0.0000	0.0000	0.0000	1	0.0000	0.0000	0.0114	5.9170	0.0000	0.0000	0	0	2	0.750582
3	5	3	44	24	0.0000	0.0000	0.0000	0.0000	10	0.0000	0.0000	0.6683	6.0056	0.0000	0.0000	0	0	2	0.595983
3	6	1	45	4	0.0000	0.0000	0.0100	0.0628	0	0.0684	-0.1661	1.8212	0.3337	1.7529	0.4998	2	1	0	1.513377
3	6	2	46	4	0.0000	0.0000	0.0100	0.0628	0	-0.1658	0.3076	0.1622	0.4190	0.3280	0.1114	1	-1	0	1.189682
3	6	3	47	4	0.0000	0.0000	0.0100	0.0628	0	0.1113	-0.1105	2.4505	0.7903	2.3393	0.9008	1	-1	0	1.563852
3	6	3	47	4	0.0000	0.0000	0.0000	0.0000	1	0.0000	0.0000	-2.8526	0.2902	0.0000	0.0000	0	0	2	0.282026
3	6	3	47	4	0.0000	0.0000	0.0000	0.0000	10	0.0000	0.0000	0.0598	0.8812	0.0000	0.0000	0	0	2	0.473943
3	7	1	48	11	2.6791	5.6549	0.0400	0.2513	0	2.9218	5.3885	2.7608	5.8871	-0.1609	0.4986	1	1	1	1.287708
3	7	2	49	11	2.6791	5.6549	0.0400	0.2513	0	2.6409	4.9464	2.6310	5.7993	-0.0099	0.8529	2	1	0	1.093259
3	7	3	50	11	2.6791	5.6549	0.0400	0.2513	0	2.9437	5.6549	2.7279	5.5914	-0.2158	-0.0635	1	1	1	1.022934
3	7	3	50	11	0.0000	0.0000	0.0000	0.0000	1	0.0000	0.0000	2.0513	5.7736	0.0000	0.0000	0	0	2	1.215923
3	7	3	50	11	0.0000	0.0000	0.0000	0.0000	10	0.0000	0.0000	1.6817	5.9078	0.0000	0.0000	0	0	2	0.479117
3	8	1	51	5	1.1083	3.1416	0.0100	0.0628	0	1.0577	3.0300	1.0588	3.5444	0.0011	0.5144	2	1	0	1.016259
3	8	2	52	5	1.1083	3.1416	0.0100	0.0628	0	1.2434	3.0099	1.0158	3.3526	-0.2277	0.3427	1	1	1	1.047965
3	8	3	53	5	1.1083	3.1416	0.0100	0.0628	0	0.9634	3.1203	1.0208	3.2363	0.0574	0.1160	1	1	1	1.299176
3	8	3	53	5	0.0000	0.0000	0.0000	0.0000	1	0.0000	0.0000	0.6067	3.2304	0.0000	0.0000	0	0	2	0.568704
3	8	4	54	5	1.1083	3.1416	0.0100	0.0628	0	0.9327	3.1112	0.8639	3.2528	-0.0688	0.1416	1	1	1	0.939679
3	8	5	55	5	1.1083	3.1416	0.0100	0.0628	0	1.1618	3.4529	1.2370	3.5568	0.0752	0.1039	2	-1	1	1.793383
3	8	6	56	5	1.1083	3.1416	0.0100	0.0628	0	0.9543	3.0352	0.9278	2.8463	-0.0265	-0.1889	2	-1	1	1.066122
3	8	6	56	5	0.0000	0.0000	0.0000	0.0000	5	0.0000	0.0000	1.0264	1.2919	0.0000	0.0000	0	0	2	0.899972
3	8	7	57	5	1.1083	3.1416	0.0100	0.0628	0	1.1101	2.9032	1.2117	2.6740	0.1016	-0.2292	1	1	1	1.615116
3	8	8	58	5	1.1083	3.1416	0.0100	0.0628	0	1.0136	3.0373	0.8724	3.4258	-0.1412	0.3885	2	-1	1	0.848291
3	8	9	59	5	1.1083	3.1416	0.0100	0.0628	0	1.1305	2.5673	1.1086	2.2425	-0.0219	-0.3248	1	1	1	0.765909
3	8	9	59	5	0.0000	0.0000	0.0000	0.0000	1	0.0000	0.0000	1.0036	2.7008	0.0000	0.0000	0	0	2	2.388673
3	8	9	59	5	0.0000	0.0000	0.0000	0.0000	10	0.0000	0.0000	-0.0125	2.9999	0.0000	0.0000	0	0	2	1.040431
3	9	1	60	3	0.4625	4.3982	0.0600	0.3770	0	0.4326	5.3378	0.5022	4.4514	0.0695	-0.8864	1	1	1	0.610883
3	9	2	61	3	0.4625	4.3982	0.0600	0.3770	0	0.4618	5.7507	0.4849	5.8547	0.0231	0.1041	2	1	0	0.842881
3	9	3	62	3	0.4625	4.3982	0.0600	0.3770	0	0.3079	4.3884	0.4627	3.6882	0.1549	-0.7002	1	1	1	0.947879
3	9	3	62	3	0.0000	0.0000	0.0000	0.0000	1	0.0000	0.0000	-0.0708	4.9969	0.0000	0.0000	0	0	2	0.959513
3	9	4	63	3	0.4625	4.3982	0.0600	0.3770	0	0.2655	4.2106	-0.0835	4.7755	-0.3490	0.5649	1	1	1	0.647799
3	9	5	64	3	0.4625	4.3982	0.0600	0.3770	0	0.5604	3.4509	0.4855	3.8505	-0.0750	0.3996	1	-1	0	1.158069
3	9	6	65	3	0.4625	4.3982	0.0600	0.3770	0	0.1025	4.1587	-0.0565	4.6610	-0.1590	0.5024	1	1	1	1.848598
3	9	6	65	3	0.0000	0.0000	0.0000	0.0000	5	0.0000	0.0000	-0.8133	3.0525	0.0000	0.0000	0	0	2	3.437965
3	9	7	66	3	0.4625	4.3982	0.0600	0.3770	0	0.2010	5.4952	-0.0137	4.9397	-0.2147	-0.5554	1	1	1	0.890115
3	9	8	67	3	0.4625	4.3982	0.0600	0.3770	0	0.1802	3.4056	0.1690	2.9057	-0.0112	-0.4999	1	1	1	0.886763
3	9	9	68	3	0.4625	4.3982	0.0600	0.3770	0	0.7237	4.2561	0.5678	4.4317	-0.1559	0.1757	2	-1	1	0.800560
3	9	9	68	3	0.0000	0.0000	0.0000	0.0000	1	0.0000	0.0000	0.8160	4.5101	0.0000	0.0000	0	0	2	1.245151
3	9	10	69	3	0.4625	4.3982	0.0600	0.3770	0	0.1483	5.2194	0.2030	5.2577	0.0547	0.0384	2	-1	1	1.270226
3	9	11	70	3	0.4625	4.3982	0.0600	0.3770	0	0.2584	2.9201	0.2812	3.1693	0.0228	0.2492	2	-1	1	1.194142
3	9	12	71	3	0.4625	4.3982	0.0600	0.3770	0	0.4587	4.6726	0.3227	4.7642	-0.1359	0.0916	2	1	0	0.825813
3	9	12	71	3	0.0000	0.0000	0.0000	0.0000	5	0.0000	0.0000	-0.4279	2.9168	0.0000	0.0000	0	0	2	18.243733
3	9	12	71	3	0.0000	0.0000	0.0000	0.0000	10	0.0000	0.0000	0.4486	4.2468	0.0000	0.0000	0	0	2	1.389140
3	10	1	72	12	3.0020	3.1416	0.0600	0.3770	0	2.8246	3.3859	2.5465	4.3851	-0.2782	0.9991	1	1	1	0.846357
3	10	2	73	12	3.0020	3.1416	0.0600	0.3770	0	2.9727	3.7986	2.7412	5.2655	-0.2315	1.4669	2	-1	1	0.809572
3	10	3	74	12	3.0020	3.1416	0.0600	0.3770	0	3.0960	2.9069	2.4056	3.0125	-0.6903	0.1056	2	-1	1	1.507760
3	10	3	74	12	0.0000	0.0000	0.0000	0.0000	1	0.0000	0.0000	2.1375	0.0980	0.0000	0.0000	0	0	2	0.754026
3	10	4	75	12	3.0020	3.1416	0.0600	0.3770	0	3.1032	3.7811	2.8667	2.7417	-0.2365	-1.0394	1	1	1	0.722575
3	10	5	76	12	3.0020	3.1416	0.0600	0.3770	0	2.8472	3.6009	2.7025	3.6961	-0.1447	0.0952	2	1	0	1.373353
3	10	6	77	12	3.0020	3.1416	0.0600	0.3770	0	3.0337	4.2522	2.9987	4.4888	-0.0350	0.2366	2	-1	1	0.931265
3	10	6	77	12	0.0000	0.0000	0.0000	0.0000	5	0.0000	0.0000	-2.3445	3.6470	0.0000	0.0000	0	0	2	1.220328
3	10	7	78	12	3.0020	3.1416	0.0600	0.3770	0	3.0580	2.6947	2.8057	2.3491	-0.2523	-0.3456	1	1	1	0.917892
3	10	8	79	12	3.0020	3.1416	0.0600	0.3770	0	3.1681	1.9472	2.4235	0.9484	-0.7446	-0.9989	2	1	0	1.968586
3	10	9	80	12	3.0020	3.1416	0.0600	0.3770	0	3.2536	3.2992	3.1336	2.8193	-0.1200	-0.4799	1	-1	0	0.995850
3	10	9	80	12	0.0000	0.0000	0.0000	0.0000	1	0.0000	0.0000	3.0925	2.9129	0.0000	0.0000	0	0	2	1.404076
3	10	10	81	12	3.0020	3.1416	0.0600	0.3770	0	3.1824	3.7472	3.1113	3.7231	-0.0711	-0.0242	2	1	0	1.420836
3	10	11	82	12	3.0020	3.1416	0.0600	0.3770	0	2.6631	3.9097	-3.0115	3.0707	-5.6746	-0.8390	1	1	1	1.063322
3	10	12	83	12	3.0020	3.1416	0.0600	0.3770	0	2.8660	3.3097	2.8590	3.1548	-0.0070	-0.1549	2	-1	1	0.816959
3	10	12	83	12	0.0000	0.0000	0.0000	0.0000	5	0.0000	0.0000	-2.9554	4.7508	0.0000	0.0000	0	0	2	1.486966
3	10	12	83	12	0.0000	0.0000	0.0000	0.0000	10	0.0000	0.0000	-3.1199	4.5043	0.0000	0.0000	0	0	2	0.943750
3	11	1	84	25	6.2832	3.1416	0.0100	0.0628	0	6.2243	3.2056	0.2334	3.9332	-5.9909	0.7277	2	-1	1	1.528863
3	11	2	85	25	6.2832	3.1416	0.0100	0.0628	0	6.1337	2.7712	-0.0684	2.7505	-6.2021	-0.0207	2	-1	1	0.784806
3	11	3	86	25	6.2832	3.1416	0.0100	0.0628	0	6.2860	3.2454	0.1687	2.4632	-6.1174	-0.7822	1	-1	0	0.587728
3	11	3	86	25	0.0000	0.0000	0.0000	0.0000	1	0.0000	0.0000	0.2421	3.1672	0.0000	0.0000	0	0	2	3.517929
3	11	4	87	25	6.2832	3.1416	0.0100	0.0628	0	6.2872	3.3193	-0.0826	3.7341	-6.3699	0.4148	1	1	1	0.946753
3	11	5	88	25	6.2832	3.1416	0.0100	0.0628	0	6.5248	3.3414	0.5026	3.5430	-6.0223	0.2016	1	1	1	1.120028
3	11	6	89	25	6.2832	3.1416	0.0100	0.0628	0	6.4180	3.6015	0.3552	3.6965	-6.0628	0.0950	2	1	0	1.072612
3	11	6	89	25	0.0000	0.0000	0.0000	0.0000	5	0.0000	0.0000	-0.1484	3.6107	0.0000	0.0000	0	0	2	7.258592
3	11	7	90	25	6.2832	3.1416	0.0100	0.0628	0	6.3452	3.0192	0.1324	4.2700	-6.2127	1.2507	1	1	1	5.024302
3	11	8	91	25	6.2832	3.1416	0.0100	0.0628	0	6.2244	3.4546	0.0666	3.5036	-6.1578	0.0490	2	-1	1	0.703223
3	11	9	92	25	6.2832	3.1416	0.0100	0.0628	0	6.0838	4.0339	-0.1862	3.6950	-6.2700	-0.3388	2	-1	1	0.728801
3	11	9	92	25	0.0000	0.0000	0.0000	0.0000	1	0.0000	0.0000	-0.4782	3.9374	0.0000	0.0000	0	0	2	1.263860
3	11	10	93	25	6.2832	3.1416	0.0100	0.0628	0	6.0547	3.1551	-0.3662	4.3882	-6.4209	1.2331	1	-1	0	0.928122
3	11	11	94	25	6.2832	3.1416	0.0100	0.0628	0	6.4265	2.8091	0.2195	3.0734	-6.2070	0.2643	1	1	1	0.786068
3	11	12	95	25	6.2832	3.1416	0.0100	0.0628	0	6.1966	2.8342	-0.3060	3.0196	-6.5026	0.1854	1	-1	0	0.900917
3	11	12	95	25	0.0000	0.0000	0.0000	0.0000	5	0.0000	0.0000	-0.7820	3.1683	0.0000	0.0000	0	0	2	0.880769
3	11	12	95	25	0.0000	0.0000	0.0000	0.0000	10	0.0000	0.0000	-1.3337	2.5291	0.0000	0.0000	0	0	2	0.659947
3	12	1	96	19	4.7124	1.8850	0.0100	0.0628	0	4.6014	2.1023	-2.0061	2.7278	-6.6075	0.6254	2	-1	1	0.959574
3	12	2	97	19	4.7124	1.8850	0.0100	0.0628	0	4.8002	1.7571	-1.4619	1.8680	-6.2621	0.1109	2	-1	1	1.304662
3	12	3	98	19	4.7124	1.8850	0.0100	0.0628	0	4.5257	2.1518	-2.0992	1.7149	-6.6249	-0.4369	2	-1	1	0.873633
3	12	3	98	19	0.0000	0.0000	0.0000	0.0000	1	0.0000	0.0000	-2.6448	2.1294	0.0000	0.0000	0	0	2	2.043620
3	12	3	98	19	0.0000	0.0000	0.0000	0.0000	10	0.0000	0.0000	-2.8910	2.2738	0.0000	0.0000	0	0	2	0.631524
3	13	1	99	9	0.0000	0.0000	0.0100	0.0628	0	-0.1729	-0.0527	1.8925	0.1189	2.0655	0.1716	1	1	1	2.085199
3	13	2	100	9	0.0000	0.0000	0.0100	0.0628	0	0.0424	-0.3488	-1.0460	0.1651	-1.0884	0.5138	2	1	0	0.811123
3	13	3	101	9	0.0000	0.0000	0.0100	0.0628	0	0.0440	0.3890	1.1442	0.0908	1.1001	-0.2982	1	1	1	2.036543
3	13	3	101	9	0.0000	0.0000	0.0000	0.0000	1	0.0000	0.0000	0.1599	0.2361	0.0000	0.0000	0	0	2	3.545092
3	13	4	102	9	0.0000	0.0000	0.0100	0.0628	0	-0.0252	0.2218	2.4016	0.2341	2.4268	0.0123	2	1	0	1.575118
3	13	5	103	9	0.0000	0.0000	0.0100	0.0628	0	-0.0903	-0.0360	1.8644	0.3377	1.9547	0.3737	1	1	1	1.106392
3	13	6	104	9	0.0000	0.0000	0.0100	0.0628	0	0.0890	0.0718	2.2565	0.1068	2.1676	0.0351	1	-1	0	1.447210
3	13	6	104	9	0.0000	0.0000	0.0000	0.0000	5	0.0000	0.0000	1.6213	0.7452	0.0000	0.0000	0	0	2	4.136663
3	13	6	104	9	0.0000	0.0000	0.0000	0.0000	10	0.0000	0.0000	0.1468	0.8740	0.0000	0.0000	0	0	2	0.924297
3	14	1	105	6	1.4312	1.8850	0.0600	0.3770	0	1.4167	1.0459	1.6633	0.7324	0.2466	-0.3135	1	-1	0	0.914001
3	14	2	106	6	1.4312	1.8850	0.0600	0.3770	0	0.9089	0.7991	0.9052	1.1565	-0.0037	0.3574	1	1	1	1.244880
3	14	3	107	6	1.4312	1.8850	0.0600	0.3770	0	1.1793	2.7014	1.1676	2.3948	-0.0117	-0.3065	2	1	0	1.144720
3	14	3	107	6	0.0000	0.0000	0.0000	0.0000	1	0.0000	0.0000	0.8625	2.2074	0.0000	0.0000	0	0	2	0.708369
3	14	4	108	6	1.4312	1.8850	0.0600	0.3770	0	1.4254	1.6087	1.5432	1.3613	0.1178	-0.2474	2	1	0	1.033624
3	14	5	109	6	1.4312	1.8850	0.0600	0.3770	0	1.0542	1.9534	0.9036	1.7131	-0.1506	-0.2403	2	1	0	1.043114
3	14	6	110	6	1.4312	1.8850	0.0600	0.3770	0	1.6406	1.6926	1.8393	1.1618	0.1987	-0.5308	2	-1	1	1.296298
3	14	6	110	6	0.0000	0.0000	0.0000	0.0000	5	0.0000	0.0000	0.9680	0.7028	0.0000	0.0000	0	0	2	0.955726
3	14	6	110	6	0.0000	0.0000	0.0000	0.0000	10	0.0000	0.0000	2.5637	1.0322	0.0000	0.0000	0	0	2	0.404617
3	15	1	111	14	0.0000	0.0000	0.0100	0.0628	0	0.0227	-0.1222	-0.9676	0.4108	-0.9903	0.5330	2	-1	1	0.821318
3	15	2	112	14	0.0000	0.0000	0.0100	0.0628	0	0.0065	-0.2713	-2.6150	0.3739	-2.6215	0.6452	1	-1	0	1.161457
3	15	3	113	14	0.0000	0.0000	0.0100	0.0628	0	-0.0642	0.2383	-1.3588	0.6075	-1.2946	0.3692	1	-1	0	0.828909
3	15	3	113	14	0.0000	0.0000	0.0000	0.0000	1	0.0000	0.0000	-0.1384	0.5996	0.0000	0.0000	0	0	2	3.135554
3	15	4	114	14	0.0000	0.0000	0.0100	0.0628	0	0.0977	0.0890	1.5042	0.1130	1.4065	0.0240	2	-1	1	1.418634
3	15	5	115	14	0.0000	0.0000	0.0100	0.0628	0	-0.1545	-0.1072	1.2847	0.3997	1.4393	0.5069	2	1	0	0.750929
3	15	6	116	14	0.0000	0.0000	0.0100	0.0628	0	-0.0123	0.1913	1.0839	0.4338	1.0962	0.2426	1	1	1	0.937588
3	15	6	116	14	0.0000	0.0000	0.0000	0.0000	5	0.0000	0.0000	1.7788	0.8375	0.0000	0.0000	0	0	2	3.269860
3	15	7	117	14	0.0000	0.0000	0.0100	0.0628	0	0.0842	0.0558	1.4601	0.2042	1.3759	0.1485	2	1	0	1.378592
3	15	8	118	14	0.0000	0.0000	0.0100	0.0628	0	-0.2381	0.0643	1.1563	0.2053	1.3944	0.1411	1	1	1	1.350051
3	15	9	119	14	0.0000	0.0000	0.0100	0.0628	0	0.0051	0.1358	2.0452	0.3127	2.0401	0.1769	2	-1	1	1.272621
3	15	9	119	14	0.0000	0.0000	0.0000	0.0000	1	0.0000	0.0000	1.6345	0.3541	0.0000	0.0000	0	0	2	6.624531
3	15	9	119	14	0.0000	0.0000	0.0000	0.0000	10	0.0000	0.0000	-2.1864	0.3775	0.0000	0.0000	0	0	2	0.514975
3	16	1	120	18	4.5728	4.3982	0.0100	0.0628	0	4.4954	4.3232	-1.9171	5.4268	-6.4125	1.1036	2	1	0	0.708881
3	16	2	121	18	4.5728	4.3982	0.0100	0.0628	0	4.5020	4.5267	-1.7928	4.2003	-6.2947	-0.3264	1	-1	0	1.059045
3	16	3	122	18	4.5728	4.3982	0.0100	0.0628	0	4.6592	4.1457	-1.6572	4.7917	-6.3164	0.6461	1	1	1	0.938086
3	16	3	122	18	0.0000	0.0000	0.0000	0.0000	1	0.0000	0.0000	-1.3138	4.4074	0.0000	0.0000	0	0	2	0.653873
3	16	4	123	18	4.5728	4.3982	0.0100	0.0628	0	4.5713	4.3733	-1.8352	4.2292	-6.4065	-0.1441	1	1	1	1.224082
3	16	5	124	18	4.5728	4.3982	0.0100	0.0628	0	4.5535	4.2037	-1.7739	4.6591	-6.3273	0.4554	2	-1	1	1.146474
3	16	6	125	18	4.5728	4.3982	0.0100	0.0628	0	4.4688	4.2597	-1.9123	4.3324	-6.3811	0.0727	1	1	1	0.980342
3	16	6	125	18	0.0000	0.0000	0.0000	0.0000	5	0.0000	0.0000	-1.9671	4.3436	0.0000	0.0000	0	0	2	1.958897
3	16	7	126	18	4.5728	4.3982	0.0100	0.0628	0	4.5585	4.4180	-1.8026	4.0245	-6.3611	-0.3935	2	1	0	0.866256
3	16	8	127	18	4.5728	4.3982	0.0100	0.0628	0	4.6271	4.2326	-1.7652	4.0074	-6.3924	-0.2252	2	1	0	0.801473
3	16	9	128	18	4.5728	4.3982	0.0100	0.0628	0	4.6410	4.7069	-1.5753	4.9995	-6.2163	0.2926	2	1	0	1.058613
3	16	9	128	18	0.0000	0.0000	0.0000	0.0000	1	0.0000	0.0000	-1.6092	4.8978	0.0000	0.0000	0	0	2	1.521571
3	16	9	128	18	0.0000	0.0000	0.0000	0.0000	10	0.0000	0.0000	-1.2851	4.3487	0.0000	0.0000	0	0	2	0.687410
3	17	1	129	2	0.1396	5.6549	0.0400	0.2513	0	0.2637	5.5369	0.3619	4.7348	0.0982	-0.8021	2	-1	1	0.697729
3	17	2	130	2	0.1396	5.6549	0.0400	0.2513	0	0.0512	5.4669	0.1882	5.1045	0.1369	-0.3624	2	-1	1	0.713887
3	17	3	131	2	0.1396	5.6549	0.0400	0.2513	0	0.0704	5.7438	0.4502	4.7511	0.3798	-0.9927	1	-1	0	1.087427
3	17	3	131	2	0.0000	0.0000	0.0000	0.0000	1	0.0000	0.0000	0.0342	4.6112	0.0000	0.0000	0	0	2	0.257111
3	17	4	132	2	0.1396	5.6549	0.0400	0.2513	0	0.0963	6.1795	0.1098	6.1037	0.0135	-0.0758	1	1	1	0.992579
3	17	5	133	2	0.1396	5.6549	0.0400	0.2513	0	0.1578	5.5712	0.1781	5.6450	0.0203	0.0738	2	-1	1	1.298724
3	17	6	134	2	0.1396	5.6549	0.0400	0.2513	0	0.3527	5.6346	0.2619	5.4873	-0.0908	-0.1473	1	1	1	1.155993
3	17	6	134	2	0.0000	0.0000	0.0000	0.0000	5	0.0000	0.0000	0.1321	5.1950	0.0000	0.0000	0	0	2	1.109204
3	17	7	135	2	0.1396	5.6549	0.0400	0.2513	0	0.2151	5.5990	0.2110	5.4203	-0.0041	-0.1787	1	1	1	0.758886
3	17	8	136	2	0.1396	5.6549	0.0400	0.2513	0	0.0006	5.1265	0.0468	5.3059	0.0462	0.1794	1	1	1	1.117562
3	17	9	137	2	0.1396	5.6549	0.0400	0.2513	0	-0.1271	6.2393	-0.0834	6.2239	0.0436	-0.0154	2	1	0	1.097962
3	17	9	137	2	0.0000	0.0000	0.0000	0.0000	1	0.0000	0.0000	-0.2837	5.8811	0.0000	0.0000	0	0	2	0.845866
3	17	10	138	2	0.1396	5.6549	0.0400	0.2513	0	0.0653	5.0568	0.0397	5.1087	-0.0256	0.0518	1	1	1	0.750525
3	17	11	139	2	0.1396	5.6549	0.0400	0.2513	0	-0.0827	5.9965	-0.0514	5.9997	0.0313	0.0032	2	-1	1	0.946273
3	17	12	140	2	0.1396	5.6549	0.0400	0.2513	0	0.1111	5.1513	0.1361	5.4862	0.0250	0.3349	2	-1	1	0.900088
3	17	12	140	2	0.0000	0.0000	0.0000	0.0000	5	0.0000	0.0000	-0.1680	4.7201	0.0000	0.0000	0	0	2	0.322067
3	17	12	140	2	0.0000	0.0000	0.0000	0.0000	10	0.0000	0.0000	0.0697	3.7756	0.0000	0.0000	0	0	2	0.492116
3	18	1	141	13	3.1416	4.3982	0.0400	0.2513	0	3.1771	4.2214	3.0923	3.8162	-0.0848	-0.4052	1	-1	0	1.063072
3	18	2	142	13	3.1416	4.3982	0.0400	0.2513	0	3.0074	3.6395	3.0132	3.4642	0.0058	-0.1754	2	1	0	0.838105
3	18	3	143	13	3.1416	4.3982	0.0400	0.2513	0	3.2614	4.4225	-3.0385	4.1645	-6.2999	-0.2580	1	-1	0	1.191315
3	18	3	143	13	0.0000	0.0000	0.0000	0.0000	1	0.0000	0.0000	2.9930	4.1125	0.0000	0.0000	0	0	2	1.212247
3	18	4	144	13	3.1416	4.3982	0.0400	0.2513	0	3.1305	4.1212	3.1020	4.7475	-0.0285	0.6263	1	1	1	1.088566
3	18	5	145	13	3.1416	4.3982	0.0400	0.2513	0	3.1121	5.7883	3.1131	5.0165	0.0010	-0.7718	1	1	1	0.975536
3	18	6	146	13	3.1416	4.3982	0.0400	0.2513	0	3.0074	3.9378	2.8636	3.3696	-0.1438	-0.5682	1	-1	0	0.911329
3	18	6	146	13	0.0000	0.0000	0.0000	0.0000	5	0.0000	0.0000	2.6562	2.6264	0.0000	0.0000	0	0	2	0.902603
3	18	6	146	13	0.0000	0.0000	0.0000	0.0000	10	0.0000	0.0000	1.6996	6.0267	0.0000	0.0000	0	0	2	1.359028
3	19	1	147	22	5.4978	4.3982	0.0600	0.3770	0	5.6515	4.3015	-0.7945	4.6676	-6.4460	0.3661	2	-1	1	0.526970
3	19	2	148	22	5.4978	4.3982	0.0600	0.3770	0	5.8786	5.3821	-0.4167	5.3685	-6.2952	-0.0136	2	1	0	0.685499
3	19	3	149	22	5.4978	4.3982	0.0600	0.3770	0	5.5977	4.5991	-0.7316	4.9404	-6.3293	0.3413	1	-1	0	1.113866
3	19	3	149	22	0.0000	0.0000	0.0000	0.0000	1	0.0000	0.0000	-0.5284	4.5181	0.0000	0.0000	0	0	2	0.835011
3	19	4	150	22	5.4978	4.3982	0.0600	0.3770	0	5.4893	4.5686	-0.7592	4.4669	-6.2485	-0.1016	2	1	0	0.882669
3	19	5	151	22	5.4978	4.3982	0.0600	0.3770	0	5.4087	5.4459	-0.9950	4.9566	-6.4037	-0.4893	1	-1	0	0.926353
3	19	6	152	22	5.4978	4.3982	0.0600	0.3770	0	5.8393	5.3919	-0.5338	5.4230	-6.3730	0.0310	2	-1	1	0.981960
3	19	6	152	22	0.0000	0.0000	0.0000	0.0000	5	0.0000	0.0000	-0.6343	5.3665	0.0000	0.0000	0	0	2	4.056919
3	19	7	153	22	5.4978	4.3982	0.0600	0.3770	0	5.3933	5.6415	-0.9394	4.8524	-6.3327	-0.7890	1	-1	0	0.899838
3	19	8	154	22	5.4978	4.3982	0.0600	0.3770	0	5.7848	4.1870	-0.4922	4.5979	-6.2770	0.4109	2	-1	1	0.496484
3	19	9	155	22	5.4978	4.3982	0.0600	0.3770	0	5.4861	4.6992	-0.7949	4.4975	-6.2810	-0.2017	2	1	0	0.661896
3	19	9	155	22	0.0000	0.0000	0.0000	0.0000	1	0.0000	0.0000	-0.9791	3.9763	0.0000	0.0000	0	0	2	1.538483
3	19	10	156	22	5.4978	4.3982	0.0600	0.3770	0	5.4171	3.0955	-0.9677	3.1676	-6.3847	0.0722	1	1	1	0.830774
3	19	11	157	22	5.4978	4.3982	0.0600	0.3770	0	5.5461	3.9821	-0.7498	3.5852	-6.2959	-0.3969	1	-1	0	1.092985
3	19	12	158	22	5.4978	4.3982	0.0600	0.3770	0	5.2118	4.4723	-1.0259	4.5977	-6.2377	0.1254	1	1	1	0.514282
3	19	12	158	22	0.0000	0.0000	0.0000	0.0000	5	0.0000	0.0000	-1.0885	3.4199	0.0000	0.0000	0	0	2	0.377348
3	19	12	158	22	0.0000	0.0000	0.0000	0.0000	10	0.0000	0.0000	-1.5983	4.0988	0.0000	0.0000	0	0	2	0.899841
3	20	1	159	21	5.1749	1.8850	0.0400	0.2513	0	4.8772	1.9662	-1.6167	2.1298	-6.4939	0.1636	1	1	1	0.993190
3	20	2	160	21	5.1749	1.8850	0.0400	0.2513	0	4.9631	1.9961	-1.0282	2.3440	-5.9912	0.3479	2	-1	1	0.938332
3	20	3	161	21	5.1749	1.8850	0.0400	0.2513	0	4.8409	2.7578	-1.3141	2.3395	-6.1550	-0.4183	1	1	1	1.001285
3	20	3	161	21	0.0000	0.0000	0.0000	0.0000	1	0.0000	0.0000	-1.4732	1.7751	0.0000	0.0000	0	0	2	0.279115
3	20	4	162	21	5.1749	1.8850	0.0400	0.2513	0	5.3733	2.6824	-0.6998	2.8598	-6.0731	0.1774	1	-1	0	0.750654
3	20	5	163	21	5.1749	1.8850	0.0400	0.2513	0	4.9191	1.4833	-1.2133	0.6661	-6.1324	-0.8173	2	-1	1	0.913977
3	20	6	164	21	5.1749	1.8850	0.0400	0.2513	0	5.3208	1.8015	-0.7374	1.1070	-6.0582	-0.6945	1	-1	0	0.723282
3	20	6	164	21	0.0000	0.0000	0.0000	0.0000	5	0.0000	0.0000	1.7682	0.0383	0.0000	0.0000	0	0	2	0.959743
3	20	7	165	21	5.1749	1.8850	0.0400	0.2513	0	5.1051	2.1997	-1.1659	1.5459	-6.2710	-0.6538	1	1	1	1.346875
3	20	8	166	21	5.1749	1.8850	0.0400	0.2513	0	5.2739	2.8967	-1.0511	1.7409	-6.3250	-1.1558	1	1	1	1.159972
3	20	9	167	21	5.1749	1.8850	0.0400	0.2513	0	5.2090	1.0549	-0.9628	1.1449	-6.1718	0.0900	1	1	1	0.846339
3	20	9	167	21	0.0000	0.0000	0.0000	0.0000	1	0.0000	0.0000	-2.3354	0.5104	0.0000	0.0000	0	0	2	0.929751
3	20	9	167	21	0.0000	0.0000	0.0000	0.0000	10	0.0000	0.0000	-2.8660	1.1328	0.0000	0.0000	0	0	2	0.684303
3	21	1	168	15	3.6041	3.1416	0.0400	0.2513	0	3.6044	3.3168	-2.6702	3.0293	-6.2746	-0.2874	1	1	1	1.091224
3	21	2	169	15	3.6041	3.1416	0.0400	0.2513	0	3.4223	4.2070	-2.4937	3.7996	-5.9161	-0.4075	2	1	0	1.210917
3	21	3	170	15	3.6041	3.1416	0.0400	0.2513	0	3.5392	2.9391	-2.7100	3.2528	-6.2492	0.3137	2	1	0	0.779240
3	21	3	170	15	0.0000	0.0000	0.0000	0.0000	1	0.0000	0.0000	-2.7460	3.4137	0.0000	0.0000	0	0	2	2.558869
3	21	3	170	15	0.0000	0.0000	0.0000	0.0000	10	0.0000	0.0000	-2.9937	3.2151	0.0000	0.0000	0	0	2	0.345746
3	22	1	171	17	4.2499	1.8850	0.0400	0.2513	0	4.2365	1.9566	-1.9630	1.5539	-6.1995	-0.4027	1	-1	0	0.779652
3	22	2	172	17	4.2499	1.8850	0.0400	0.2513	0	4.1466	1.9031	-2.4625	2.4058	-6.6091	0.5026	2	-1	1	1.223100
3	22	3	173	17	4.2499	1.8850	0.0400	0.2513	0	4.5025	2.1891	-1.7135	2.4836	-6.2161	0.2945	1	-1	0	0.903844
3	22	3	173	17	0.0000	0.0000	0.0000	0.0000	1	0.0000	0.0000	-1.5740	2.3682	0.0000	0.0000	0	0	2	2.410941
3	22	4	174	17	4.2499	1.8850	0.0400	0.2513	0	4.4459	1.3293	-2.1425	1.4035	-6.5883	0.0741	2	-1	1	1.098245
3	22	5	175	17	4.2499	1.8850	0.0400	0.2513	0	4.3504	2.0447	-1.9122	0.9654	-6.2627	-1.0793	1	-1	0	1.403072
3	22	6	176	17	4.2499	1.8850	0.0400	0.2513	0	4.4686	1.6382	-2.2553	0.8442	-6.7238	-0.7939	1	1	1	1.062642
3	22	6	176	17	0.0000	0.0000	0.0000	0.0000	5	0.0000	0.0000	-2.9605	0.5426	0.0000	0.0000	0	0	2	0.585553
3	22	7	177	17	4.2499	1.8850	0.0400	0.2513	0	4.0778	1.7836	-2.7873	1.7554	-6.8651	-0.0282	2	1	0	1.379522
3	22	8	178	17	4.2499	1.8850	0.0400	0.2513	0	4.5259	2.0913	-1.7229	1.0420	-6.2488	-1.0493	1	-1	0	0.779105
3	22	9	179	17	4.2499	1.8850	0.0400	0.2513	0	4.2210	2.0068	-2.1943	2.1761	-6.4153	0.1693	1	1	1	0.821122
3	22	9	179	17	0.0000	0.0000	0.0000	0.0000	1	0.0000	0.0000	-2.1082	0.8664	0.0000	0.0000	0	0	2	2.200682
3	22	10	180	17	4.2499	1.8850	0.0400	0.2513	0	4.1829	2.3610	-2.1346	1.9835	-6.3175	-0.3775	2	1	0	1.138760
3	22	11	181	17	4.2499	1.8850	0.0400	0.2513	0	4.3474	1.4437	-1.4662	1.3682	-5.8136	-0.0755	1	1	1	0.855171
3	22	12	182	17	4.2499	1.8850	0.0400	0.2513	0	4.7041	1.2780	-1.5881	1.3008	-6.2923	0.0228	2	-1	1	1.203088
3	22	12	182	17	0.0000	0.0000	0.0000	0.0000	5	0.0000	0.0000	-1.7426	0.9233	0.0000	0.0000	0	0	2	2.577110
3	22	12	182	17	0.0000	0.0000	0.0000	0.0000	10	0.0000	0.0000	-0.3852	2.7014	0.0000	0.0000	0	0	2	1.225764
3	23	1	183	8	1.7104	4.3982	0.0100	0.0628	0	1.7547	4.2383	1.9643	3.9804	0.2096	-0.2579	1	1	1	0.751399
3	23	2	184	8	1.7104	4.3982	0.0100	0.0628	0	1.7387	4.2902	1.9762	3.9841	0.2375	-0.3060	2	-1	1	1.113155
3	23	3	185	8	1.7104	4.3982	0.0100	0.0628	0	1.7299	4.9269	1.7176	5.6010	-0.0123	0.6741	1	1	1	1.300714
3	23	3	185	8	0.0000	0.0000	0.0000	0.0000	1	0.0000	0.0000	1.5870	5.1053	0.0000	0.0000	0	0	2	0.902053
3	23	3	185	8	0.0000	0.0000	0.0000	0.0000	10	0.0000	0.0000	1.1377	5.1767	0.0000	0.0000	0	0	2	0.422178
3	24	1	186	20	4.8520	3.1416	0.0400	0.2513	0	4.9005	3.3777	-1.4715	2.1985	-6.3720	-1.1792	2	-1	1	0.742346
3	24	2	187	20	4.8520	3.1416	0.0400	0.2513	0	4.6130	2.0835	-1.8104	2.3759	-6.4234	0.2923	2	1	0	1.227432
3	24	3	188	20	4.8520	3.1416	0.0400	0.2513	0	4.4809	3.4699	-1.9359	2.6318	-6.4169	-0.8380	2	-1	1	1.298229
3	24	3	188	20	0.0000	0.0000	0.0000	0.0000	1	0.0000	0.0000	-1.7231	1.6353	0.0000	0.0000	0	0	2	2.326850
3	24	4	189	20	4.8520	3.1416	0.0400	0.2513	0	4.9619	2.4041	-1.3502	2.1650	-6.3122	-0.2391	2	-1	1	0.554741
3	24	5	190	20	4.8520	3.1416	0.0400	0.2513	0	4.9978	2.7383	-1.4088	2.7500	-6.4066	0.0116	2	1	0	0.938329
3	24	6	191	20	4.8520	3.1416	0.0400	0.2513	0	4.8044	3.1757	-1.4728	3.9206	-6.2772	0.7449	1	1	1	1.314188
3	24	6	191	20	0.0000	0.0000	0.0000	0.0000	5	0.0000	0.0000	-1.1734	2.8944	0.0000	0.0000	0	0	2	3.953792
3	24	6	191	20	0.0000	0.0000	0.0000	0.0000	10	0.0000	0.0000	-1.1316	1.7858	0.0000	0.0000	0	0	2	2.170826
3	25	1	192	7	1.5708	5.6549	0.0600	0.3770	0	2.1680	5.1259	2.0681	5.0898	-0.0999	-0.0362	1	1	1	0.969056
3	25	2	193	7	1.5708	5.6549	0.0600	0.3770	0	1.6565	5.4839	1.7265	5.0910	0.0699	-0.3929	1	1	1	0.913849
3	25	3	194	7	1.5708	5.6549	0.0600	0.3770	0	1.5480	5.3617	1.5866	5.2406	0.0386	-0.1210	2	-1	1	0.698305
3	25	3	194	7	0.0000	0.0000	0.0000	0.0000	1	0.0000	0.0000	1.3536	3.8725	0.0000	0.0000	0	0	2	2.629410
3	25	4	195	7	1.5708	5.6549	0.0600	0.3770	0	1.7037	5.6903	1.7792	5.6325	0.0755	-0.0578	2	-1	1	1.055869
3	25	5	196	7	1.5708	5.6549	0.0600	0.3770	0	1.5068	4.9560	1.2431	4.7881	-0.2638	-0.1679	2	-1	1	0.696471
3	25	6	197	7	1.5708	5.6549	0.0600	0.3770	0	1.2467	5.9300	1.1485	5.4479	-0.0982	-0.4821	2	1	0	0.702206
3	25	6	197	7	0.0000	0.0000	0.0000	0.0000	5	0.0000	0.0000	1.2644	3.4143	0.0000	0.0000	0	0	2	0.176414
3	25	7	198	7	1.5708	5.6549	0.0600	0.3770	0	1.3278	5.8910	1.2112	5.6622	-0.1165	-0.2289	2	-1	1	0.733387
3	25	8	199	7	1.5708	5.6549	0.0600	0.3770	0	1.2305	6.2085	1.1833	6.2279	-0.0472	0.0194	2	-1	1	1.781718
3	25	9	200	7	1.5708	5.6549	0.0600	0.3770	0	1.6637	5.9637	1.6427	6.1731	-0.0210	0.2094	1	1	1	2.115349
3	25	9	200	7	0.0000	0.0000	0.0000	0.0000	1	0.0000	0.0000	1.6487	5.3162	0.0000	0.0000	0	0	2	4.139986
3	25	9	200	7	0.0000	0.0000	0.0000	0.0000	10	0.0000	0.0000	1.4338	5.2288	0.0000	0.0000	0	0	2	1.904141
