4	1	1	1	1	0.0000	0.0000	0.0100	0.0628	0	0.1811	-0.1066	2.5612	0.5325	2.3801	0.6391	2	1	0	2.253172
4	1	2	2	1	0.0000	0.0000	0.0100	0.0628	0	0.0215	0.6993	3.0834	0.7532	3.0619	0.0538	2	1	0	1.182091
4	1	3	3	1	0.0000	0.0000	0.0100	0.0628	0	0.0694	0.3179	3.1416	1.1899	3.0722	0.8720	1	1	1	1.337439
4	1	4	4	1	0.0000	0.0000	0.0100	0.0628	0	0.0075	0.1671	0.6078	0.2045	0.6003	0.0375	2	1	0	1.461940
4	1	5	5	1	0.0000	0.0000	0.0100	0.0628	0	0.0044	0.2284	-1.2566	0.3070	-1.2610	0.0786	1	1	1	1.164989
4	1	6	6	1	0.0000	0.0000	0.0100	0.0628	0	0.0400	0.0962	-0.9204	0.4220	-0.9604	0.3257	1	1	1	1.041979
4	1	7	7	1	0.0000	0.0000	0.0100	0.0628	0	0.0981	0.0928	-0.9917	0.2268	-1.0898	0.1340	1	1	1	0.796910
4	1	8	8	1	0.0000	0.0000	0.0100	0.0628	0	0.0387	0.2686	1.1071	0.3101	1.0685	0.0415	2	1	0	0.766196
4	1	9	9	1	0.0000	0.0000	0.0100	0.0628	0	0.0956	-0.0676	2.7740	1.2595	2.6784	1.3270	2	1	0	0.758640
4	1	10	10	1	0.0000	0.0000	0.0100	0.0628	0	0.0888	-0.1315	-2.9320	0.3508	-3.0207	0.4823	2	-1	1	1.154959
4	1	11	11	1	0.0000	0.0000	0.0100	0.0628	0	-0.1440	-0.0754	3.0951	0.3142	3.2391	0.3896	2	-1	1	1.114104
4	1	12	12	1	0.0000	0.0000	0.0100	0.0628	0	-0.0175	0.2060	1.0122	0.0689	1.0297	-0.1371	2	1	0	0.814248
4	1	13	13	1	0.0000	0.0000	0.0100	0.0628	0	-0.0597	0.3912	-1.7726	0.3279	-1.7128	-0.0634	1	1	1	1.109351
4	1	14	14	1	0.0000	0.0000	0.0100	0.0628	0	-0.1025	-0.2232	1.7530	0.2821	1.8555	0.5053	2	1	0	0.775413
4	1	15	15	1	0.0000	0.0000	0.0100	0.0628	0	-0.1593	0.0672	0.2985	0.0993	0.4578	0.0321	2	-1	1	1.247276
4	1	16	16	1	0.0000	0.0000	0.0100	0.0628	0	-0.0257	0.0951	3.1416	0.0949	3.1673	-0.0002	1	-1	0	1.176935
4	1	17	17	1	0.0000	0.0000	0.0100	0.0628	0	-0.0834	0.0046	-0.5880	0.1842	-0.5046	0.1796	2	1	0	1.197685
4	1	18	18	1	0.0000	0.0000	0.0100	0.0628	0	-0.0177	-0.2307	-2.8997	1.7068	-2.8820	1.9375	1	1	1	1.289797
4	1	19	19	1	0.0000	0.0000	0.0100	0.0628	0	0.0277	-0.3500	-2.5424	0.3624	-2.5702	0.7124	1	1	1	0.696981
4	1	20	20	1	0.0000	0.0000	0.0100	0.0628	0	-0.0306	0.0010	-2.8056	0.4871	-2.7750	0.4862	2	1	0	1.217204
4	1	20	20	1	0.0000	0.0000	0.0000	0.0000	10	0.0000	0.0000	2.7714	0.5246	0.0000	0.0000	0	0	2	0.767001
4	2	1	21	11	2.6791	5.6549	0.0400	0.2513	0	3.0340	5.4446	3.1181	5.5861	0.0841	0.1415	1	1	1	1.001118
4	2	2	22	11	2.6791	5.6549	0.0400	0.2513	0	2.5326	6.0303	2.5792	5.8593	0.0465	-0.1709	2	-1	1	1.405024
4	2	3	23	11	2.6791	5.6549	0.0400	0.2513	0	2.3626	5.8409	2.3553	5.7349	-0.0073	-0.1060	1	1	1	0.984353
4	2	3	23	11	0.0000	0.0000	0.0000	0.0000	1	0.0000	0.0000	1.9492	5.9077	0.0000	0.0000	0	0	2	0.729830
4	2	3	23	11	0.0000	0.0000	0.0000	0.0000	10	0.0000	0.0000	-1.0048	5.6219	0.0000	0.0000	0	0	2	0.796460
4	3	1	24	16	3.9270	5.6549	0.0600	0.3770	0	4.0520	5.3651	-2.3131	5.3889	-6.3650	0.0238	2	1	0	0.777567
4	3	2	25	16	3.9270	5.6549	0.0600	0.3770	0	4.2365	4.5031	-2.2614	4.9623	-6.4979	0.4592	2	1	0	1.162553
4	3	3	26	16	3.9270	5.6549	0.0600	0.3770	0	3.7531	5.7608	-2.5117	5.7005	-6.2647	-0.0604	2	-1	1	1.131607
4	3	3	26	16	0.0000	0.0000	0.0000	0.0000	1	0.0000	0.0000	-2.5723	4.5503	0.0000	0.0000	0	0	2	1.618855
4	3	4	27	16	3.9270	5.6549	0.0600	0.3770	0	3.7679	5.3538	-2.5975	5.0767	-6.3654	-0.2770	1	-1	0	1.423391
4	3	5	28	16	3.9270	5.6549	0.0600	0.3770	0	4.2776	6.0917	-2.1815	5.9703	-6.4591	-0.1214	2	-1	1	0.933348
4	3	6	29	16	3.9270	5.6549	0.0600	0.3770	0	4.4124	4.4977	-2.0521	4.8097	-6.4645	0.3120	2	-1	1	0.899049
4	3	6	29	16	0.0000	0.0000	0.0000	0.0000	5	0.0000	0.0000	-2.4778	4.3839	0.0000	0.0000	0	0	2	1.567088
4	3	6	29	16	0.0000	0.0000	0.0000	0.0000	10	0.0000	0.0000	3.0508	4.6694	0.0000	0.0000	0	0	2	1.192316
4	4	1	30	15	3.6041	3.1416	0.0400	0.2513	0	4.0007	3.4084	-2.5008	3.8340	-6.5014	0.4257	1	1	1	0.876024
4	4	2	31	15	3.6041	3.1416	0.0400	0.2513	0	3.7779	2.5981	-2.8225	2.6063	-6.6004	0.0082	1	-1	0	0.939406
4	4	3	32	15	3.6041	3.1416	0.0400	0.2513	0	3.4478	2.9022	-2.9476	2.9536	-6.3954	0.0513	1	-1	0	1.013558
4	4	3	32	15	0.0000	0.0000	0.0000	0.0000	1	0.0000	0.0000	-2.9970	1.9254	0.0000	0.0000	0	0	2	1.889636
4	4	3	32	15	0.0000	0.0000	0.0000	0.0000	10	0.0000	0.0000	1.8158	0.3913	0.0000	0.0000	0	0	2	1.211210
4	5	1	33	21	5.1749	1.8850	0.0400	0.2513	0	4.8039	0.8548	-0.2216	0.5313	-5.0256	-0.3235	2	-1	1	0.828372
4	5	2	34	21	5.1749	1.8850	0.0400	0.2513	0	5.2747	1.6508	-1.0625	0.5850	-6.3372	-1.0658	2	1	0	0.761636
4	5	3	35	21	5.1749	1.8850	0.0400	0.2513	0	5.0382	2.3139	-0.8771	1.8610	-5.9152	-0.4530	1	-1	0	0.792249
4	5	3	35	21	0.0000	0.0000	0.0000	0.0000	1	0.0000	0.0000	-0.6093	3.0357	0.0000	0.0000	0	0	2	3.342373
4	5	4	36	21	5.1749	1.8850	0.0400	0.2513	0	5.1095	2.3148	-0.9622	1.6727	-6.0717	-0.6420	1	-1	0	0.773555
4	5	5	37	21	5.1749	1.8850	0.0400	0.2513	0	5.0621	1.9947	-0.9807	2.9520	-6.0429	0.9573	1	1	1	0.945396
4	5	6	38	21	5.1749	1.8850	0.0400	0.2513	0	5.2122	1.5159	-1.0368	1.7640	-6.2490	0.2482	2	-1	1	0.783495
4	5	6	38	21	0.0000	0.0000	0.0000	0.0000	5	0.0000	0.0000	-1.2805	4.7694	0.0000	0.0000	0	0	2	1.179912
4	5	7	39	21	5.1749	1.8850	0.0400	0.2513	0	4.8411	2.0608	-2.4727	1.5540	-7.3138	-0.5069	1	1	1	0.914098
4	5	8	40	21	5.1749	1.8850	0.0400	0.2513	0	5.4461	1.2626	-0.4721	0.3852	-5.9182	-0.8774	2	1	0	0.846978
4	5	9	41	21	5.1749	1.8850	0.0400	0.2513	0	5.0967	1.5682	-0.8840	1.4161	-5.9807	-0.1521	1	1	1	0.849186
4	5	9	41	21	0.0000	0.0000	0.0000	0.0000	1	0.0000	0.0000	1.4056	0.0444	0.0000	0.0000	0	0	2	0.987681
4	5	9	41	21	0.0000	0.0000	0.0000	0.0000	10	0.0000	0.0000	3.0918	5.2845	0.0000	0.0000	0	0	2	0.805636
4	6	1	42	13	3.1416	4.3982	0.0400	0.2513	0	3.3048	5.1337	-2.9813	5.2134	-6.2861	0.0798	1	-1	0	1.434800
4	6	2	43	13	3.1416	4.3982	0.0400	0.2513	0	2.7496	4.3138	2.7074	4.5464	-0.0423	0.2327	2	-1	1	0.806180
4	6	3	44	13	3.1416	4.3982	0.0400	0.2513	0	3.5100	4.5175	-2.8610	3.5327	-6.3711	-0.9848	2	-1	1	0.890842
4	6	3	44	13	0.0000	0.0000	0.0000	0.0000	1	0.0000	0.0000	-3.0700	2.0420	0.0000	0.0000	0	0	2	1.688304
4	6	4	45	13	3.1416	4.3982	0.0400	0.2513	0	3.0409	3.7406	3.0804	4.0592	0.0395	0.3186	2	-1	1	0.813526
4	6	5	46	13	3.1416	4.3982	0.0400	0.2513	0	3.0333	4.2910	3.0495	4.2887	0.0163	-0.0023	1	1	1	0.870968
4	6	6	47	13	3.1416	4.3982	0.0400	0.2513	0	3.1900	4.1432	-2.9173	4.2006	-6.1073	0.0574	1	-1	0	0.861202
4	6	6	47	13	0.0000	0.0000	0.0000	0.0000	5	0.0000	0.0000	2.7695	0.3213	0.0000	0.0000	0	0	2	2.863498
4	6	6	47	13	0.0000	0.0000	0.0000	0.0000	10	0.0000	0.0000	1.0535	0.4871	0.0000	0.0000	0	0	2	0.558822
4	7	1	48	23	0.0000	0.0000	0.0100	0.0628	0	-0.0237	-0.1313	-2.8742	0.5525	-2.8505	0.6838	1	-1	0	1.412593
4	7	2	49	23	0.0000	0.0000	0.0100	0.0628	0	0.0250	-0.6477	-3.1191	0.6499	-3.1441	1.2976	2	1	0	0.762430
4	7	3	50	23	0.0000	0.0000	0.0100	0.0628	0	-0.0307	0.3617	1.4370	0.3830	1.4677	0.0213	1	1	1	0.820891
4	7	3	50	23	0.0000	0.0000	0.0000	0.0000	1	0.0000	0.0000	-1.2734	0.4734	0.0000	0.0000	0	0	2	0.738983
4	7	4	51	23	0.0000	0.0000	0.0100	0.0628	0	0.0007	0.0357	2.6918	0.2351	2.6911	0.1994	2	1	0	1.053325
4	7	5	52	23	0.0000	0.0000	0.0100	0.0628	0	-0.0584	-0.2605	2.9860	0.3769	3.0444	0.6374	2	-1	1	1.744510
4	7	6	53	23	0.0000	0.0000	0.0100	0.0628	0	-0.0024	0.2170	-1.2943	0.5615	-1.2919	0.3445	1	1	1	2.529962
4	7	6	53	23	0.0000	0.0000	0.0000	0.0000	5	0.0000	0.0000	-0.5099	2.7518	0.0000	0.0000	0	0	2	1.132818
4	7	6	53	23	0.0000	0.0000	0.0000	0.0000	10	0.0000	0.0000	-3.0511	5.4903	0.0000	0.0000	0	0	2	0.162388
4	8	1	54	8	1.7104	4.3982	0.0100	0.0628	0	1.6850	4.3953	1.7342	4.0841	0.0492	-0.3113	1	1	1	0.916916
4	8	2	55	8	1.7104	4.3982	0.0100	0.0628	0	1.7056	4.3633	1.7418	4.0745	0.0362	-0.2888	2	-1	1	0.868003
4	8	3	56	8	1.7104	4.3982	0.0100	0.0628	0	1.7145	4.6126	1.7371	4.1009	0.0226	-0.5117	2	-1	1	0.700380
4	8	3	56	8	0.0000	0.0000	0.0000	0.0000	1	0.0000	0.0000	1.3078	4.1278	0.0000	0.0000	0	0	2	1.062590
4	8	3	56	8	0.0000	0.0000	0.0000	0.0000	10	0.0000	0.0000	3.0955	5.3859	0.0000	0.0000	0	0	2	0.946095
4	9	1	57	2	0.1396	5.6549	0.0400	0.2513	0	0.1022	6.1753	0.2459	5.8180	0.1437	-0.3573	2	1	0	1.283393
4	9	2	58	2	0.1396	5.6549	0.0400	0.2513	0	0.4317	4.6987	0.4926	4.6313	0.0609	-0.0674	1	1	1	1.071917
4	9	3	59	2	0.1396	5.6549	0.0400	0.2513	0	-0.1086	6.1467	-0.1327	6.1791	-0.0241	0.0324	2	-1	1	1.886325
4	9	3	59	2	0.0000	0.0000	0.0000	0.0000	1	0.0000	0.0000	-0.3647	6.1809	0.0000	0.0000	0	0	2	1.440851
4	9	4	60	2	0.1396	5.6549	0.0400	0.2513	0	-0.0764	5.4041	-0.2255	5.5499	-0.1491	0.1458	1	-1	0	1.218426
4	9	5	61	2	0.1396	5.6549	0.0400	0.2513	0	0.1764	5.3766	0.2192	5.9758	0.0428	0.5992	2	-1	1	1.327063
4	9	6	62	2	0.1396	5.6549	0.0400	0.2513	0	-0.1121	5.1964	0.0316	5.5436	0.1437	0.3472	2	1	0	0.982348
4	9	6	62	2	0.0000	0.0000	0.0000	0.0000	5	0.0000	0.0000	1.5649	6.1614	0.0000	0.0000	0	0	2	2.585326
4	9	7	63	2	0.1396	5.6549	0.0400	0.2513	0	0.0420	5.9165	0.2411	5.9313	0.1991	0.0148	1	-1	0	1.168835
4	9	8	64	2	0.1396	5.6549	0.0400	0.2513	0	0.1292	5.0209	0.1458	5.0247	0.0166	0.0038	2	1	0	0.750065
4	9	9	65	2	0.1396	5.6549	0.0400	0.2513	0	0.4469	5.5485	0.3985	5.2674	-0.0483	-0.2812	2	-1	1	0.833736
4	9	9	65	2	0.0000	0.0000	0.0000	0.0000	1	0.0000	0.0000	0.0724	5.4529	0.0000	0.0000	0	0	2	0.544073
4	9	10	66	2	0.1396	5.6549	0.0400	0.2513	0	0.1823	5.1316	0.2402	5.5843	0.0579	0.4528	2	1	0	1.171239
4	9	11	67	2	0.1396	5.6549	0.0400	0.2513	0	-0.1551	4.7610	-0.1649	4.7141	-0.0098	-0.0469	1	-1	0	1.197519
4	9	12	68	2	0.1396	5.6549	0.0400	0.2513	0	-0.0219	5.9718	-0.0319	5.9526	-0.0100	-0.0192	2	1	0	0.792031
4	9	12	68	2	0.0000	0.0000	0.0000	0.0000	5	0.0000	0.0000	-0.4701	5.6089	0.0000	0.0000	0	0	2	0.895887
4	9	12	68	2	0.0000	0.0000	0.0000	0.0000	10	0.0000	0.0000	-1.5563	5.5487	0.0000	0.0000	0	0	2	0.921841
4	10	1	69	19	4.7124	1.8850	0.0100	0.0628	0	4.8750	1.8824	-2.1842	1.3570	-7.0592	-0.5254	2	-1	1	1.185098
4	10	2	70	19	4.7124	1.8850	0.0100	0.0628	0	4.8170	1.9040	-1.7081	1.1202	-6.5251	-0.7838	1	-1	0	0.877467
4	10	3	71	19	4.7124	1.8850	0.0100	0.0628	0	4.7434	1.7726	-1.4307	1.7251	-6.1741	-0.0475	2	-1	1	0.933404
4	10	3	71	19	0.0000	0.0000	0.0000	0.0000	1	0.0000	0.0000	-1.5292	2.9810	0.0000	0.0000	0	0	2	0.894581
4	10	3	71	19	0.0000	0.0000	0.0000	0.0000	10	0.0000	0.0000	-1.5667	5.3291	0.0000	0.0000	0	0	2	0.898129
4	11	1	72	10	2.3562	1.8850	0.0100	0.0628	0	2.5261	2.0469	2.5283	2.5620	0.0022	0.5151	2	-1	1	0.830532
4	11	2	73	10	2.3562	1.8850	0.0100	0.0628	0	2.3663	1.7203	2.3136	2.0615	-0.0526	0.3412	2	1	0	0.801620
4	11	3	74	10	2.3562	1.8850	0.0100	0.0628	0	2.3674	2.0253	2.6840	2.6771	0.3166	0.6518	1	1	1	1.160833
4	11	3	74	10	0.0000	0.0000	0.0000	0.0000	1	0.0000	0.0000	3.0202	2.1695	0.0000	0.0000	0	0	2	0.638488
4	11	4	75	10	2.3562	1.8850	0.0100	0.0628	0	2.1826	1.6230	1.8807	1.7477	-0.3019	0.1246	2	1	0	48.443293
4	11	5	76	10	2.3562	1.8850	0.0100	0.0628	0	2.3324	1.8352	2.3541	2.4106	0.0217	0.5754	2	-1	1	1.212086
4	11	6	77	10	2.3562	1.8850	0.0100	0.0628	0	2.3074	1.8207	1.1613	4.3452	-1.1461	2.5244	1	1	1	2.257520
4	11	6	77	10	0.0000	0.0000	0.0000	0.0000	5	0.0000	0.0000	2.4051	0.7390	0.0000	0.0000	0	0	2	0.819673
4	11	7	78	10	2.3562	1.8850	0.0100	0.0628	0	2.3586	1.7765	2.8867	2.3160	0.5280	0.5394	1	-1	0	0.701309
4	11	8	79	10	2.3562	1.8850	0.0100	0.0628	0	2.2736	1.7928	2.4938	2.3711	0.2202	0.5783	1	1	1	0.862491
4	11	9	80	10	2.3562	1.8850	0.0100	0.0628	0	2.4870	1.8740	2.4324	2.6454	-0.0546	0.7715	2	-1	1	0.806584
4	11	9	80	10	0.0000	0.0000	0.0000	0.0000	1	0.0000	0.0000	2.9972	2.0287	0.0000	0.0000	0	0	2	1.364942
4	11	9	80	10	0.0000	0.0000	0.0000	0.0000	10	0.0000	0.0000	1.6407	0.7318	0.0000	0.0000	0	0	2	1.468560
4	12	1	81	18	4.5728	4.3982	0.0100	0.0628	0	4.6260	4.4512	-1.7087	3.8767	-6.3347	-0.5745	2	-1	1	0.835294
4	12	2	82	18	4.5728	4.3982	0.0100	0.0628	0	4.6739	4.3274	-1.6188	4.1074	-6.2927	-0.2200	1	-1	0	0.641899
4	12	3	83	18	4.5728	4.3982	0.0100	0.0628	0	4.4562	4.7979	-1.9335	4.7942	-6.3897	-0.0037	2	1	0	0.879424
4	12	3	83	18	0.0000	0.0000	0.0000	0.0000	1	0.0000	0.0000	-2.0538	4.3853	0.0000	0.0000	0	0	2	1.078306
4	12	4	84	18	4.5728	4.3982	0.0100	0.0628	0	4.2246	4.4501	-2.2824	4.5498	-6.5070	0.0997	2	1	0	0.945581
4	12	5	85	18	4.5728	4.3982	0.0100	0.0628	0	4.6343	4.2697	-1.5547	4.0740	-6.1890	-0.1957	2	1	0	0.649640
4	12	6	86	18	4.5728	4.3982	0.0100	0.0628	0	4.4764	4.3174	-1.9549	4.1102	-6.4314	-0.2072	1	1	1	1.226110
4	12	6	86	18	0.0000	0.0000	0.0000	0.0000	5	0.0000	0.0000	-2.7923	4.7781	0.0000	0.0000	0	0	2	2.219866
4	12	7	87	18	4.5728	4.3982	0.0100	0.0628	0	4.6683	4.4701	-1.4990	4.1718	-6.1673	-0.2982	2	-1	1	0.703190
4	12	8	88	18	4.5728	4.3982	0.0100	0.0628	0	4.6160	4.2526	-1.7221	4.5045	-6.3381	0.2520	1	1	1	1.069306
4	12	9	89	18	4.5728	4.3982	0.0100	0.0628	0	4.8508	4.2532	-1.3605	3.8816	-6.2113	-0.3716	2	1	0	0.511611
4	12	9	89	18	0.0000	0.0000	0.0000	0.0000	1	0.0000	0.0000	-0.9280	4.1041	0.0000	0.0000	0	0	2	0.680153
4	12	9	89	18	0.0000	0.0000	0.0000	0.0000	10	0.0000	0.0000	2.4038	0.3256	0.0000	0.0000	0	0	2	0.412607
4	13	1	90	20	4.8520	3.1416	0.0400	0.2513	0	5.0352	3.4703	-0.8640	3.0912	-5.8992	-0.3791	2	1	0	0.954869
4	13	2	91	20	4.8520	3.1416	0.0400	0.2513	0	4.6372	3.5925	-1.9075	3.5578	-6.5446	-0.0347	1	1	1	0.939022
4	13	3	92	20	4.8520	3.1416	0.0400	0.2513	0	4.9396	3.7013	-1.0410	3.6547	-5.9806	-0.0466	2	-1	1	0.630406
4	13	3	92	20	0.0000	0.0000	0.0000	0.0000	1	0.0000	0.0000	-0.9604	4.0625	0.0000	0.0000	0	0	2	1.332200
4	13	4	93	20	4.8520	3.1416	0.0400	0.2513	0	4.9812	3.4977	-1.4199	4.0317	-6.4012	0.5339	1	-1	0	0.763094
4	13	5	94	20	4.8520	3.1416	0.0400	0.2513	0	4.8997	3.1110	-0.9810	3.3205	-5.8807	0.2095	2	1	0	1.496599
4	13	6	95	20	4.8520	3.1416	0.0400	0.2513	0	5.1749	4.1360	-1.1302	3.6803	-6.3051	-0.4557	2	-1	1	0.695274
4	13	6	95	20	0.0000	0.0000	0.0000	0.0000	5	0.0000	0.0000	-1.6416	3.8202	0.0000	0.0000	0	0	2	1.191938
4	13	6	95	20	0.0000	0.0000	0.0000	0.0000	10	0.0000	0.0000	3.0488	0.3153	0.0000	0.0000	0	0	2	2.370029
4	14	1	96	25	6.2832	3.1416	0.0100	0.0628	0	6.2714	2.8041	0.3251	2.0569	-5.9463	-0.7472	1	-1	0	0.845307
4	14	2	97	25	6.2832	3.1416	0.0100	0.0628	0	6.3994	3.0772	-0.1731	4.6615	-6.5726	1.5843	2	-1	1	0.763777
4	14	3	98	25	6.2832	3.1416	0.0100	0.0628	0	6.2851	3.7206	0.0503	2.9018	-6.2348	-0.8188	2	-1	1	0.806630
4	14	3	98	25	0.0000	0.0000	0.0000	0.0000	1	0.0000	0.0000	-0.1380	3.9283	0.0000	0.0000	0	0	2	3.904530
4	14	4	99	25	6.2832	3.1416	0.0100	0.0628	0	6.1937	3.3435	-0.1116	2.6224	-6.3053	-0.7211	1	-1	0	0.941182
4	14	5	100	25	6.2832	3.1416	0.0100	0.0628	0	6.2879	3.1455	0.0885	2.8069	-6.1993	-0.3386	2	-1	1	0.836896
4	14	6	101	25	6.2832	3.1416	0.0100	0.0628	0	6.3338	3.0984	0.1990	2.7331	-6.1348	-0.3653	1	-1	0	0.813533
4	14	6	101	25	0.0000	0.0000	0.0000	0.0000	5	0.0000	0.0000	1.7335	4.9122	0.0000	0.0000	0	0	2	2.217980
4	14	7	102	25	6.2832	3.1416	0.0100	0.0628	0	6.2751	2.8567	0.1331	3.4101	-6.1420	0.5534	2	1	0	0.767892
4	14	8	103	25	6.2832	3.1416	0.0100	0.0628	0	6.3505	3.0036	0.0443	3.2956	-6.3062	0.2920	1	1	1	0.732971
4	14	9	104	25	6.2832	3.1416	0.0100	0.0628	0	6.2205	3.2610	0.0534	3.2824	-6.1671	0.0214	1	-1	0	0.714661
4	14	9	104	25	0.0000	0.0000	0.0000	0.0000	1	0.0000	0.0000	0.0769	3.4193	0.0000	0.0000	0	0	2	1.810034
4	14	10	105	25	6.2832	3.1416	0.0100	0.0628	0	6.3474	3.0269	0.1264	3.1275	-6.2210	0.1006	2	1	0	0.825794
4	14	11	106	25	6.2832	3.1416	0.0100	0.0628	0	6.1782	3.6769	0.0798	3.4786	-6.0984	-0.1983	1	1	1	1.111217
4	14	12	107	25	6.2832	3.1416	0.0100	0.0628	0	6.0748	3.1451	-0.2519	2.8117	-6.3267	-0.3334	1	-1	0	0.735229
4	14	12	107	25	0.0000	0.0000	0.0000	0.0000	5	0.0000	0.0000	3.0557	5.4441	0.0000	0.0000	0	0	2	2.425893
4	14	12	107	25	0.0000	0.0000	0.0000	0.0000	10	0.0000	0.0000	1.4208	0.6349	0.0000	0.0000	0	0	2	0.419212
4	15	1	108	17	4.2499	1.8850	0.0400	0.2513	0	4.0942	1.1568	-2.2736	2.3153	-6.3678	1.1585	1	-1	0	0.772742
4	15	2	109	17	4.2499	1.8850	0.0400	0.2513	0	4.2863	2.4086	-2.6765	2.2135	-6.9628	-0.1951	1	1	1	1.057933
4	15	3	110	17	4.2499	1.8850	0.0400	0.2513	0	4.2912	1.1666	3.0658	0.5784	-1.2254	-0.5883	2	1	0	1.005083
4	15	3	110	17	0.0000	0.0000	0.0000	0.0000	1	0.0000	0.0000	-2.6838	0.5615	0.0000	0.0000	0	0	2	1.318510
4	15	4	111	17	4.2499	1.8850	0.0400	0.2513	0	4.3536	1.6325	-2.0776	2.1208	-6.4312	0.4882	1	-1	0	0.761943
4	15	5	112	17	4.2499	1.8850	0.0400	0.2513	0	4.0441	1.7924	-2.4598	1.9462	-6.5039	0.1537	1	1	1	0.720059
4	15	6	113	17	4.2499	1.8850	0.0400	0.2513	0	4.4697	1.7712	-2.7975	1.3416	-7.2672	-0.4297	1	1	1	0.766589
4	15	6	113	17	0.0000	0.0000	0.0000	0.0000	5	0.0000	0.0000	-3.1361	5.2927	0.0000	0.0000	0	0	2	1.451499
4	15	7	114	17	4.2499	1.8850	0.0400	0.2513	0	4.2565	2.7731	-2.6341	4.8364	-6.8906	2.0633	1	1	1	1.484757
4	15	8	115	17	4.2499	1.8850	0.0400	0.2513	0	4.0720	2.7176	-2.4161	2.1564	-6.4881	-0.5612	1	-1	0	0.970571
4	15	9	116	17	4.2499	1.8850	0.0400	0.2513	0	3.9885	2.1579	-2.2421	1.6782	-6.2306	-0.4796	2	-1	1	0.796147
4	15	9	116	17	0.0000	0.0000	0.0000	0.0000	1	0.0000	0.0000	-2.6224	0.6474	0.0000	0.0000	0	0	2	1.025423
4	15	10	117	17	4.2499	1.8850	0.0400	0.2513	0	4.5479	1.9140	-1.8900	0.9072	-6.4379	-1.0068	2	1	0	0.905954
4	15	11	118	17	4.2499	1.8850	0.0400	0.2513	0	4.4716	1.1976	-1.6687	0.8215	-6.1403	-0.3760	2	1	0	0.969032
4	15	12	119	17	4.2499	1.8850	0.0400	0.2513	0	4.3081	1.7808	-2.5302	0.8648	-6.8383	-0.9160	2	-1	1	0.901397
4	15	12	119	17	0.0000	0.0000	0.0000	0.0000	5	0.0000	0.0000	1.7796	0.8805	0.0000	0.0000	0	0	2	1.862133
4	15	12	119	17	0.0000	0.0000	0.0000	0.0000	10	0.0000	0.0000	3.0941	5.2255	0.0000	0.0000	0	0	2	1.323161
4	16	1	120	14	0.0000	0.0000	0.0100	0.0628	0	-0.0229	0.0764	2.5620	0.4799	2.5850	0.4035	2	-1	1	0.921875
4	16	2	121	14	0.0000	0.0000	0.0100	0.0628	0	-0.1373	-0.3541	-2.9918	0.3913	-2.8545	0.7454	2	-1	1	1.193096
4	16	3	122	14	0.0000	0.0000	0.0100	0.0628	0	-0.1473	-0.1385	2.0055	0.6761	2.1528	0.8146	2	-1	1	1.318829
4	16	3	122	14	0.0000	0.0000	0.0000	0.0000	1	0.0000	0.0000	1.4370	0.3830	0.0000	0.0000	0	0	2	5.537249
4	16	4	123	14	0.0000	0.0000	0.0100	0.0628	0	0.1330	-0.2011	1.6359	0.3365	1.5030	0.5376	2	1	0	0.967724
4	16	5	124	14	0.0000	0.0000	0.0100	0.0628	0	0.1078	0.1730	2.5984	0.4520	2.4906	0.2790	2	1	0	0.957636
4	16	6	125	14	0.0000	0.0000	0.0100	0.0628	0	0.0015	0.0081	1.1071	0.1469	1.1056	0.1388	1	1	1	0.929282
4	16	6	125	14	0.0000	0.0000	0.0000	0.0000	5	0.0000	0.0000	-0.8885	0.1505	0.0000	0.0000	0	0	2	0.751753
4	16	7	126	14	0.0000	0.0000	0.0100	0.0628	0	0.0016	-0.1428	2.5686	0.2693	2.5671	0.4121	2	-1	1	0.888244
4	16	8	127	14	0.0000	0.0000	0.0100	0.0628	0	-0.0622	0.3627	0.8086	0.2220	0.8708	-0.1406	1	-1	0	0.776814
4	16	9	128	14	0.0000	0.0000	0.0100	0.0628	0	-0.0084	0.2972	-0.5053	0.3921	-0.4968	0.0949	1	1	1	0.917041
4	16	9	128	14	0.0000	0.0000	0.0000	0.0000	1	0.0000	0.0000	-0.7163	0.8227	0.0000	0.0000	0	0	2	0.845592
4	16	9	128	14	0.0000	0.0000	0.0000	0.0000	10	0.0000	0.0000	2.4220	0.8639	0.0000	0.0000	0	0	2	0.742722
4	17	1	129	22	5.4978	4.3982	0.0600	0.3770	0	5.4100	3.7332	-0.7752	3.5465	-6.1852	-0.1868	2	1	0	0.689905
4	17	2	130	22	5.4978	4.3982	0.0600	0.3770	0	5.3280	4.8929	-0.7426	4.4692	-6.0707	-0.4237	2	-1	1	1.546384
4	17	3	131	22	5.4978	4.3982	0.0600	0.3770	0	5.5149	4.5724	-0.7167	5.4898	-6.2316	0.9174	2	1	0	1.368894
4	17	3	131	22	0.0000	0.0000	0.0000	0.0000	1	0.0000	0.0000	-0.8993	5.3151	0.0000	0.0000	0	0	2	0.751385
4	17	4	132	22	5.4978	4.3982	0.0600	0.3770	0	5.3284	5.2240	-0.8054	4.3937	-6.1337	-0.8303	2	1	0	1.267320
4	17	5	133	22	5.4978	4.3982	0.0600	0.3770	0	5.9062	4.3257	-0.3479	4.4962	-6.2542	0.1704	2	-1	1	1.001425
4	17	6	134	22	5.4978	4.3982	0.0600	0.3770	0	5.8771	4.6062	-0.4547	4.7210	-6.3318	0.1148	1	1	1	0.918245
4	17	6	134	22	0.0000	0.0000	0.0000	0.0000	5	0.0000	0.0000	-0.3096	4.7443	0.0000	0.0000	0	0	2	1.237588
4	17	7	135	22	5.4978	4.3982	0.0600	0.3770	0	5.6345	4.2896	-0.6521	4.9321	-6.2866	0.6426	2	1	0	1.123395
4	17	8	136	22	5.4978	4.3982	0.0600	0.3770	0	5.4461	4.2175	-0.9096	4.4581	-6.3557	0.2407	1	1	1	0.620070
4	17	9	137	22	5.4978	4.3982	0.0600	0.3770	0	5.5206	3.9622	-0.7019	4.0249	-6.2226	0.0627	1	1	1	1.109024
4	17	9	137	22	0.0000	0.0000	0.0000	0.0000	1	0.0000	0.0000	-0.7103	4.7469	0.0000	0.0000	0	0	2	1.208224
4	17	10	138	22	5.4978	4.3982	0.0600	0.3770	0	5.9889	4.7362	-0.3705	4.8790	-6.3594	0.1429	1	1	1	1.093874
4	17	11	139	22	5.4978	4.3982	0.0600	0.3770	0	5.5585	5.4086	-0.5379	5.4999	-6.0965	0.0913	2	-1	1	0.673977
4	17	12	140	22	5.4978	4.3982	0.0600	0.3770	0	5.6056	5.8773	-0.7262	6.0242	-6.3319	0.1469	2	-1	1	0.686051
4	17	12	140	22	0.0000	0.0000	0.0000	0.0000	5	0.0000	0.0000	-1.5942	5.9293	0.0000	0.0000	0	0	2	2.349547
4	17	12	140	22	0.0000	0.0000	0.0000	0.0000	10	0.0000	0.0000	2.2143	0.1825	0.0000	0.0000	0	0	2	0.179750
4	18	1	141	5	1.1083	3.1416	0.0100	0.0628	0	1.0957	2.8484	0.9228	2.6003	-0.1729	-0.2480	1	1	1	0.812613
4	18	2	142	5	1.1083	3.1416	0.0100	0.0628	0	1.1355	3.4897	1.1227	2.9484	-0.0128	-0.5413	2	1	0	0.868469
4	18	3	143	5	1.1083	3.1416	0.0100	0.0628	0	1.2064	2.8929	1.3300	2.5407	0.1236	-0.3522	1	1	1	0.779710
4	18	3	143	5	0.0000	0.0000	0.0000	0.0000	1	0.0000	0.0000	1.6344	3.1015	0.0000	0.0000	0	0	2	0.825577
4	18	4	144	5	1.1083	3.1416	0.0100	0.0628	0	1.0908	3.1273	1.0042	3.6858	-0.0866	0.5584	2	1	0	0.823431
4	18	5	145	5	1.1083	3.1416	0.0100	0.0628	0	1.2447	3.2119	1.5688	3.5771	0.3241	0.3652	1	1	1	0.847380
4	18	6	146	5	1.1083	3.1416	0.0100	0.0628	0	1.1215	3.6128	0.9766	4.2641	-0.1448	0.6513	1	1	1	0.747031
4	18	6	146	5	0.0000	0.0000	0.0000	0.0000	5	0.0000	0.0000	0.3913	6.0097	0.0000	0.0000	0	0	2	1.442818
4	18	7	147	5	1.1083	3.1416	0.0100	0.0628	0	1.1319	2.7416	1.1227	2.9484	-0.0092	0.2068	1	1	1	0.912858
4	18	8	148	5	1.1083	3.1416	0.0100	0.0628	0	1.0960	3.1970	1.0162	3.0914	-0.0798	-0.1056	2	1	0	0.939443
4	18	9	149	5	1.1083	3.1416	0.0100	0.0628	0	1.1917	2.8698	1.4412	3.4454	0.2495	0.5756	1	1	1	1.023084
4	18	9	149	5	0.0000	0.0000	0.0000	0.0000	1	0.0000	0.0000	0.9614	3.6858	0.0000	0.0000	0	0	2	3.316631
4	18	9	149	5	0.0000	0.0000	0.0000	0.0000	10	0.0000	0.0000	3.0588	5.8236	0.0000	0.0000	0	0	2	0.918233
4	19	1	150	4	0.0000	0.0000	0.0100	0.0628	0	0.0233	-0.2200	2.3202	0.7180	2.2969	0.9380	1	-1	0	1.732536
4	19	2	151	4	0.0000	0.0000	0.0100	0.0628	0	-0.1388	-0.0663	2.0863	0.2517	2.2252	0.3180	1	-1	0	0.760235
4	19	3	152	4	0.0000	0.0000	0.0100	0.0628	0	0.2032	-0.0532	-1.8750	0.6580	-2.0782	0.7112	2	1	0	0.937967
4	19	3	152	4	0.0000	0.0000	0.0000	0.0000	1	0.0000	0.0000	-1.7842	0.4482	0.0000	0.0000	0	0	2	0.738069
4	19	3	152	4	0.0000	0.0000	0.0000	0.0000	10	0.0000	0.0000	-1.7842	0.4482	0.0000	0.0000	0	0	2	0.222307
4	20	1	153	3	0.4625	4.3982	0.0600	0.3770	0	0.2117	4.5166	0.2928	4.5520	0.0811	0.0353	2	1	0	0.807336
4	20	2	154	3	0.4625	4.3982	0.0600	0.3770	0	0.5888	4.3891	0.6413	4.5640	0.0525	0.1749	2	-1	1	1.057802
4	20	3	155	3	0.4625	4.3982	0.0600	0.3770	0	0.3777	5.1080	0.4416	4.3039	0.0640	-0.8041	1	1	1	0.533859
4	20	3	155	3	0.0000	0.0000	0.0000	0.0000	1	0.0000	0.0000	0.4105	4.9759	0.0000	0.0000	0	0	2	0.742657
4	20	4	156	3	0.4625	4.3982	0.0600	0.3770	0	0.5200	4.4981	0.5025	4.4564	-0.0175	-0.0416	2	-1	1	0.594103
4	20	5	157	3	0.4625	4.3982	0.0600	0.3770	0	0.2666	4.1932	0.2941	4.4317	0.0276	0.2385	1	-1	0	0.679273
4	20	6	158	3	0.4625	4.3982	0.0600	0.3770	0	0.7018	3.3542	1.1071	2.2690	0.4053	-1.0852	1	1	1	1.497691
4	20	6	158	3	0.0000	0.0000	0.0000	0.0000	5	0.0000	0.0000	2.7550	0.8906	0.0000	0.0000	0	0	2	2.978228
4	20	7	159	3	0.4625	4.3982	0.0600	0.3770	0	0.3852	4.4778	0.2110	4.7407	-0.1742	0.2629	2	-1	1	0.813306
4	20	8	160	3	0.4625	4.3982	0.0600	0.3770	0	0.3995	5.2136	0.6945	4.8361	0.2950	-0.3775	2	1	0	0.713191
4	20	9	161	3	0.4625	4.3982	0.0600	0.3770	0	0.5168	4.7932	0.7420	4.6450	0.2253	-0.1482	1	1	1	0.797009
4	20	9	161	3	0.0000	0.0000	0.0000	0.0000	1	0.0000	0.0000	1.0683	5.0478	0.0000	0.0000	0	0	2	0.608936
4	20	10	162	3	0.4625	4.3982	0.0600	0.3770	0	0.3954	3.6358	0.7667	4.1458	0.3713	0.5100	2	-1	1	0.633325
4	20	11	163	3	0.4625	4.3982	0.0600	0.3770	0	0.2503	4.4199	0.1768	4.2344	-0.0735	-0.1855	1	1	1	0.945566
4	20	12	164	3	0.4625	4.3982	0.0600	0.3770	0	0.7446	4.5847	0.7219	4.3086	-0.0227	-0.2761	1	1	1	0.807902
4	20	12	164	3	0.0000	0.0000	0.0000	0.0000	5	0.0000	0.0000	-1.5554	4.2638	0.0000	0.0000	0	0	2	1.389890
4	20	12	164	3	0.0000	0.0000	0.0000	0.0000	10	0.0000	0.0000	0.7170	0.3777	0.0000	0.0000	0	0	2	0.944916
4	21	1	165	9	0.0000	0.0000	0.0100	0.0628	0	0.0619	-0.1175	1.7640	0.3422	1.7021	0.4597	1	1	1	1.272590
4	21	2	166	9	0.0000	0.0000	0.0100	0.0628	0	-0.0384	-0.1580	2.0500	0.8391	2.0885	0.9971	1	1	1	0.913589
4	21	3	167	9	0.0000	0.0000	0.0100	0.0628	0	-0.0158	0.3363	-0.6864	0.7833	-0.6706	0.4470	1	1	1	0.825493
4	21	3	167	9	0.0000	0.0000	0.0000	0.0000	1	0.0000	0.0000	0.1077	0.2717	0.0000	0.0000	0	0	2	0.501684
4	21	4	168	9	0.0000	0.0000	0.0100	0.0628	0	0.0074	0.1744	2.5667	0.6176	2.5593	0.4432	1	-1	0	0.961001
4	21	5	169	9	0.0000	0.0000	0.0100	0.0628	0	0.1868	0.4310	-0.1004	1.0198	-0.2872	0.5889	1	1	1	0.935149
4	21	6	170	9	0.0000	0.0000	0.0100	0.0628	0	-0.0118	-0.0166	2.7018	0.9601	2.7135	0.9767	2	1	0	0.630190
4	21	6	170	9	0.0000	0.0000	0.0000	0.0000	5	0.0000	0.0000	-0.9704	0.8140	0.0000	0.0000	0	0	2	1.206295
4	21	6	170	9	0.0000	0.0000	0.0000	0.0000	10	0.0000	0.0000	0.9422	3.1409	0.0000	0.0000	0	0	2	0.046453
4	22	1	171	6	1.4312	1.8850	0.0600	0.3770	0	1.3455	1.1067	0.9730	1.8547	-0.3725	0.7480	2	-1	1	0.701680
4	22	2	172	6	1.4312	1.8850	0.0600	0.3770	0	1.2152	2.5872	1.2820	2.5892	0.0669	0.0021	2	-1	1	0.634503
4	22	3	173	6	1.4312	1.8850	0.0600	0.3770	0	1.9083	2.4498	2.4415	3.3313	0.5332	0.8815	1	-1	0	0.689838
4	22	3	173	6	0.0000	0.0000	0.0000	0.0000	1	0.0000	0.0000	2.0344	3.2810	0.0000	0.0000	0	0	2	1.160874
4	22	4	174	6	1.4312	1.8850	0.0600	0.3770	0	1.3568	2.0786	1.5375	2.4104	0.1807	0.3317	2	-1	1	0.977839
4	22	5	175	6	1.4312	1.8850	0.0600	0.3770	0	1.1717	1.4258	1.4331	1.2234	0.2614	-0.2024	2	-1	1	0.656666
4	22	6	176	6	1.4312	1.8850	0.0600	0.3770	0	1.0174	1.4811	0.8544	1.7230	-0.1630	0.2420	2	-1	1	0.706349
4	22	6	176	6	0.0000	0.0000	0.0000	0.0000	5	0.0000	0.0000	0.5855	3.1970	0.0000	0.0000	0	0	2	0.711357
4	22	6	176	6	0.0000	0.0000	0.0000	0.0000	10	0.0000	0.0000	-0.4324	0.3136	0.0000	0.0000	0	0	2	0.413792
4	23	1	177	12	3.0020	3.1416	0.0600	0.3770	0	2.9239	2.5821	3.0680	2.9792	0.1442	0.3971	2	-1	1	0.812302
4	23	2	178	12	3.0020	3.1416	0.0600	0.3770	0	3.1068	2.7142	-2.9105	2.4223	-6.0173	-0.2919	1	-1	0	0.756795
4	23	3	179	12	3.0020	3.1416	0.0600	0.3770	0	2.7640	1.8972	2.6500	3.1549	-0.1140	1.2577	1	1	1	0.632639
4	23	3	179	12	0.0000	0.0000	0.0000	0.0000	1	0.0000	0.0000	2.8909	2.1778	0.0000	0.0000	0	0	2	0.271252
4	23	4	180	12	3.0020	3.1416	0.0600	0.3770	0	2.8919	3.0409	2.7488	3.7377	-0.1432	0.6968	2	-1	1	0.572163
4	23	5	181	12	3.0020	3.1416	0.0600	0.3770	0	3.0200	3.2408	2.9842	3.2597	-0.0358	0.0188	2	-1	1	0.918382
4	23	6	182	12	3.0020	3.1416	0.0600	0.3770	0	3.0009	3.5776	2.8937	4.2847	-0.1072	0.7071	1	-1	0	1.134366
4	23	6	182	12	0.0000	0.0000	0.0000	0.0000	5	0.0000	0.0000	2.5889	3.7825	0.0000	0.0000	0	0	2	1.268177
4	23	7	183	12	3.0020	3.1416	0.0600	0.3770	0	2.8002	2.3673	2.6368	2.7774	-0.1634	0.4101	2	-1	1	0.845125
4	23	8	184	12	3.0020	3.1416	0.0600	0.3770	0	3.0923	2.8036	2.9940	3.0776	-0.0983	0.2740	1	1	1	1.211699
4	23	9	185	12	3.0020	3.1416	0.0600	0.3770	0	2.8165	3.2302	2.7298	3.4652	-0.0867	0.2350	2	-1	1	0.921191
4	23	9	185	12	0.0000	0.0000	0.0000	0.0000	1	0.0000	0.0000	2.8588	2.6683	0.0000	0.0000	0	0	2	0.321342
4	23	10	186	12	3.0020	3.1416	0.0600	0.3770	0	3.0650	2.8931	-3.0599	2.8639	-6.1249	-0.0292	1	1	1	0.735531
4	23	11	187	12	3.0020	3.1416	0.0600	0.3770	0	2.8550	3.3015	2.7626	3.5124	-0.0924	0.2109	1	-1	0	0.662677
4	23	12	188	12	3.0020	3.1416	0.0600	0.3770	0	3.0851	3.3031	2.9608	4.2226	-0.1243	0.9195	2	-1	1	0.696994
4	23	12	188	12	0.0000	0.0000	0.0000	0.0000	5	0.0000	0.0000	-2.4067	3.3751	0.0000	0.0000	0	0	2	1.210298
4	23	12	188	12	0.0000	0.0000	0.0000	0.0000	10	0.0000	0.0000	3.0495	0.4765	0.0000	0.0000	0	0	2	0.503403
4	24	1	189	24	6.1436	5.6549	0.0100	0.0628	0	6.1587	5.5973	-0.2350	5.5173	-6.3937	-0.0801	1	-1	0	0.706178
4	24	2	190	24	6.1436	5.6549	0.0100	0.0628	0	6.2929	5.8258	-0.0639	5.7131	-6.3568	-0.1127	1	1	1	0.565712
4	24	3	191	24	6.1436	5.6549	0.0100	0.0628	0	6.2963	5.7252	-0.0539	5.9583	-6.3503	0.2331	1	1	1	0.898535
4	24	3	191	24	0.0000	0.0000	0.0000	0.0000	1	0.0000	0.0000	0.1410	5.8175	0.0000	0.0000	0	0	2	1.926887
4	24	3	191	24	0.0000	0.0000	0.0000	0.0000	10	0.0000	0.0000	3.0145	5.6447	0.0000	0.0000	0	0	2	1.506733
4	25	1	192	7	1.5708	5.6549	0.0600	0.3770	0	1.8160	5.7901	1.9583	6.0082	0.1423	0.2181	2	1	0	0.936029
4	25	2	193	7	1.5708	5.6549	0.0600	0.3770	0	1.7227	5.3553	1.8322	5.6222	0.1095	0.2669	1	1	1	0.669600
4	25	3	194	7	1.5708	5.6549	0.0600	0.3770	0	1.4494	6.0985	1.4468	5.8412	-0.0027	-0.2574	1	1	1	0.937563
4	25	3	194	7	0.0000	0.0000	0.0000	0.0000	1	0.0000	0.0000	1.2329	5.8805	0.0000	0.0000	0	0	2	1.108007
4	25	4	195	7	1.5708	5.6549	0.0600	0.3770	0	1.2541	5.1285	1.3107	5.1369	0.0565	0.0084	1	1	1	0.843700
4	25	5	196	7	1.5708	5.6549	0.0600	0.3770	0	1.6368	6.2040	1.6730	6.2230	0.0362	0.0190	2	1	0	0.862320
4	25	6	197	7	1.5708	5.6549	0.0600	0.3770	0	1.4069	4.6866	1.6058	5.6391	0.1989	0.9525	2	1	0	0.889533
4	25	6	197	7	0.0000	0.0000	0.0000	0.0000	5	0.0000	0.0000	1.4340	2.6233	0.0000	0.0000	0	0	2	1.931056
4	25	7	198	7	1.5708	5.6549	0.0600	0.3770	0	1.4905	5.0957	1.1948	5.6665	-0.2957	0.5707	1	1	1	0.868930
4	25	8	199	7	1.5708	5.6549	0.0600	0.3770	0	1.4963	5.8996	1.3698	5.2299	-0.1265	-0.6697	1	-1	0	0.731597
4	25	9	200	7	1.5708	5.6549	0.0600	0.3770	0	1.4110	4.7417	1.3942	4.1971	-0.0168	-0.5446	2	-1	1	0.831529
4	25	9	200	7	0.0000	0.0000	0.0000	0.0000	1	0.0000	0.0000	1.1370	4.1513	0.0000	0.0000	0	0	2	0.884566
4	25	9	200	7	0.0000	0.0000	0.0000	0.0000	10	0.0000	0.0000	1.3854	0.3565	0.0000	0.0000	0	0	2	0.584983
